phi12 = 0°, theta1 = theta2 = 43.0°, Elab = 13 MeV, ed = -2.125. Compare to Trotter
3.473009e+00	0.0
0.000000e+00	5.902940e-06
3.675742e-03	3.740626e-02
7.303834e-03	1.501762e-01
1.088426e-02	3.420699e-01
1.441703e-02	6.170360e-01
1.790213e-02	9.792292e-01
2.133957e-02	1.433022e+00
2.472938e-02	1.983020e+00
2.807157e-02	2.634070e+00
3.136617e-02	3.391281e+00
3.461323e-02	4.260036e+00
3.781280e-02	5.246008e+00
4.096493e-02	6.355176e+00
4.406969e-02	7.593845e+00
4.712717e-02	8.968662e+00
5.013745e-02	1.048664e+01
5.310064e-02	1.215516e+01
5.601685e-02	1.398202e+01
5.888621e-02	1.597543e+01
6.170886e-02	1.814404e+01
6.448496e-02	2.049697e+01
6.721468e-02	2.304381e+01
6.989821e-02	2.579467e+01
7.253576e-02	2.876015e+01
7.512756e-02	3.195141e+01
7.767384e-02	3.538015e+01
8.017489e-02	3.905860e+01
8.263099e-02	4.299959e+01
8.504246e-02	4.721648e+01
8.740963e-02	5.172319e+01
8.973289e-02	5.653416e+01
9.201262e-02	6.166432e+01
9.424926e-02	6.712906e+01
9.644328e-02	7.294416e+01
9.859517e-02	7.912567e+01
1.007055e-01	8.568985e+01
1.027748e-01	9.265299e+01
1.048037e-01	1.000312e+02
1.067929e-01	1.078404e+02
1.087432e-01	1.160957e+02
1.106552e-01	1.248114e+02
1.125298e-01	1.340004e+02
1.143680e-01	1.436739e+02
1.161706e-01	1.538411e+02
1.179387e-01	1.645081e+02
1.196734e-01	1.756778e+02
1.213759e-01	1.873489e+02
1.230473e-01	1.995156e+02
1.246890e-01	2.121665e+02
1.263025e-01	2.252837e+02
1.278891e-01	2.388429e+02
1.294505e-01	2.528121e+02
1.309883e-01	2.671512e+02
1.325042e-01	2.818121e+02
1.340002e-01	2.967383e+02
1.354781e-01	3.118656e+02
1.369399e-01	3.271221e+02
1.383876e-01	3.424298e+02
1.398235e-01	3.577056e+02
1.412497e-01	3.728630e+02
1.426684e-01	3.878177e+02
1.440820e-01	4.024796e+02
1.454928e-01	4.167652e+02
1.469031e-01	4.305961e+02
1.483153e-01	4.439019e+02
1.497318e-01	4.566213e+02
1.511548e-01	4.687034e+02
1.525868e-01	4.801092e+02
1.540300e-01	4.908114e+02
1.554867e-01	5.007944e+02
1.569589e-01	5.100539e+02
1.584489e-01	5.185960e+02
1.599587e-01	5.264356e+02
1.614902e-01	5.335956e+02
1.630454e-01	5.401051e+02
1.646261e-01	5.459978e+02
1.662340e-01	5.513112e+02
1.678707e-01	5.560847e+02
1.695379e-01	5.603587e+02
1.712370e-01	5.641741e+02
1.729694e-01	5.675706e+02
1.747365e-01	5.705871e+02
1.765395e-01	5.732607e+02
1.783797e-01	5.756262e+02
1.802580e-01	5.777164e+02
1.821757e-01	5.795616e+02
1.841337e-01	5.811899e+02
1.861328e-01	5.826268e+02
1.881741e-01	5.838956e+02
1.902583e-01	5.850175e+02
1.923862e-01	5.860113e+02
1.945586e-01	5.868941e+02
1.967760e-01	5.876812e+02
1.990393e-01	5.883861e+02
2.013490e-01	5.890208e+02
2.037056e-01	5.895961e+02
2.061098e-01	5.901212e+02
2.085620e-01	5.906045e+02
2.110627e-01	5.910531e+02
2.136123e-01	5.914734e+02
2.162114e-01	5.918708e+02
2.188603e-01	5.922501e+02
2.215593e-01	5.926154e+02
2.243089e-01	5.929702e+02
2.271093e-01	5.933169e+02
2.299610e-01	5.936577e+02
2.328641e-01	5.939947e+02
2.358190e-01	5.943297e+02
2.388260e-01	5.946643e+02
2.418853e-01	5.949995e+02
2.449972e-01	5.953364e+02
2.481618e-01	5.956756e+02
2.513795e-01	5.960178e+02
2.546503e-01	5.963632e+02
2.579745e-01	5.967122e+02
2.613523e-01	5.970648e+02
2.647839e-01	5.974211e+02
2.682693e-01	5.977811e+02
2.718088e-01	5.981444e+02
2.754025e-01	5.985109e+02
2.790505e-01	5.988804e+02
2.827530e-01	5.992524e+02
2.865101e-01	5.996267e+02
2.903218e-01	6.000027e+02
2.941884e-01	6.003800e+02
2.981099e-01	6.007583e+02
3.020863e-01	6.011370e+02
3.061178e-01	6.015155e+02
3.102045e-01	6.018935e+02
3.143463e-01	6.022704e+02
3.185435e-01	6.026457e+02
3.227961e-01	6.030188e+02
3.271040e-01	6.033893e+02
3.314674e-01	6.037566e+02
3.358864e-01	6.041203e+02
3.403609e-01	6.044798e+02
3.448910e-01	6.048346e+02
3.494767e-01	6.051843e+02
3.541181e-01	6.055284e+02
3.588152e-01	6.058664e+02
3.635680e-01	6.061979e+02
3.683766e-01	6.065224e+02
3.732409e-01	6.068394e+02
3.781609e-01	6.071487e+02
3.831368e-01	6.074497e+02
3.881684e-01	6.077421e+02
3.932559e-01	6.080255e+02
3.983991e-01	6.082995e+02
4.035980e-01	6.085638e+02
4.088528e-01	6.088181e+02
4.141633e-01	6.090620e+02
4.195296e-01	6.092953e+02
4.249516e-01	6.095175e+02
4.304293e-01	6.097285e+02
4.359627e-01	6.099281e+02
4.415517e-01	6.101158e+02
4.471965e-01	6.102916e+02
4.528968e-01	6.104622e+02
4.586527e-01	6.106235e+02
4.644641e-01	6.107735e+02
4.703311e-01	6.109120e+02
4.761296e-01	6.110362e+02
4.821063e-01	6.111513e+02
4.881384e-01	6.112544e+02
4.942258e-01	6.113454e+02
5.003685e-01	6.114243e+02
5.065665e-01	6.114909e+02
5.128196e-01	6.115451e+02
5.191279e-01	6.115869e+02
5.254912e-01	6.116163e+02
5.319096e-01	6.116331e+02
5.383829e-01	6.116375e+02
5.449111e-01	6.116293e+02
5.514941e-01	6.116086e+02
5.581319e-01	6.115753e+02
5.648243e-01	6.115295e+02
5.715714e-01	6.114712e+02
5.783730e-01	6.114005e+02
5.852291e-01	6.113174e+02
5.921395e-01	6.112214e+02
5.991043e-01	6.111115e+02
6.061233e-01	6.109875e+02
6.131964e-01	6.108498e+02
6.203236e-01	6.106983e+02
6.275048e-01	6.105332e+02
6.347398e-01	6.103547e+02
6.420286e-01	6.101631e+02
6.493711e-01	6.099583e+02
6.567673e-01	6.097408e+02
6.642169e-01	6.095107e+02
6.717200e-01	6.092682e+02
6.792763e-01	6.090136e+02
6.868859e-01	6.087471e+02
6.945486e-01	6.084691e+02
7.022643e-01	6.081798e+02
7.100329e-01	6.078796e+02
7.178542e-01	6.075687e+02
7.257283e-01	6.072475e+02
7.336549e-01	6.069165e+02
7.416340e-01	6.065758e+02
7.496654e-01	6.062261e+02
7.577490e-01	6.058675e+02
7.658848e-01	6.055007e+02
7.740725e-01	6.051259e+02
7.823121e-01	6.047438e+02
7.906035e-01	6.043547e+02
7.989465e-01	6.039591e+02
8.073409e-01	6.035575e+02
8.157868e-01	6.031506e+02
8.242839e-01	6.027387e+02
8.328321e-01	6.023225e+02
8.414313e-01	6.019025e+02
8.500813e-01	6.014794e+02
8.587820e-01	6.010538e+02
8.675334e-01	6.006262e+02
8.763351e-01	6.001974e+02
8.851872e-01	5.997680e+02
8.940894e-01	5.993387e+02
9.030416e-01	5.989103e+02
9.120437e-01	5.984833e+02
9.210956e-01	5.980587e+02
9.301970e-01	5.976371e+02
9.393479e-01	5.972194e+02
9.485480e-01	5.968064e+02
9.577973e-01	5.963981e+02
9.670956e-01	5.959938e+02
9.764427e-01	5.955945e+02
9.858384e-01	5.952011e+02
9.952827e-01	5.948146e+02
1.004775e+00	5.944359e+02
1.014316e+00	5.940661e+02
1.023905e+00	5.937061e+02
1.033542e+00	5.933571e+02
1.043226e+00	5.930199e+02
1.052959e+00	5.926956e+02
1.062738e+00	5.923852e+02
1.072565e+00	5.920902e+02
1.082438e+00	5.918117e+02
1.092359e+00	5.915512e+02
1.102326e+00	5.913099e+02
1.112340e+00	5.910892e+02
1.122400e+00	5.908905e+02
1.132507e+00	5.907151e+02
1.142659e+00	5.905645e+02
1.152858e+00	5.904401e+02
1.163102e+00	5.903434e+02
1.173391e+00	5.902757e+02
1.183726e+00	5.902386e+02
1.194106e+00	5.902335e+02
1.204530e+00	5.902620e+02
1.215000e+00	5.903254e+02
1.225514e+00	5.904254e+02
1.236072e+00	5.905630e+02
1.246675e+00	5.907379e+02
1.257322e+00	5.909518e+02
1.268012e+00	5.912065e+02
1.278746e+00	5.915037e+02
1.289524e+00	5.918451e+02
1.300344e+00	5.922326e+02
1.311208e+00	5.926679e+02
1.322115e+00	5.931527e+02
1.333064e+00	5.936887e+02
1.344055e+00	5.942778e+02
1.355089e+00	5.949217e+02
1.366165e+00	5.956220e+02
1.377283e+00	5.963804e+02
1.388442e+00	5.971988e+02
1.399643e+00	5.980787e+02
1.410885e+00	5.990218e+02
1.422168e+00	6.000298e+02
1.433492e+00	6.011036e+02
1.444856e+00	6.022437e+02
1.456261e+00	6.034518e+02
1.467706e+00	6.047297e+02
1.479191e+00	6.060790e+02
1.490715e+00	6.075012e+02
1.502279e+00	6.089981e+02
1.513883e+00	6.105711e+02
1.525525e+00	6.122218e+02
1.537207e+00	6.139516e+02
1.548927e+00	6.157620e+02
1.560685e+00	6.176536e+02
1.572482e+00	6.196275e+02
1.584316e+00	6.216850e+02
1.596189e+00	6.238274e+02
1.608099e+00	6.260561e+02
1.620046e+00	6.283721e+02
1.632030e+00	6.307764e+02
1.644051e+00	6.332701e+02
1.656109e+00	6.358543e+02
1.668203e+00	6.385300e+02
1.680334e+00	6.412983e+02
1.692500e+00	6.441601e+02
1.704702e+00	6.471162e+02
1.716939e+00	6.501675e+02
1.729212e+00	6.533148e+02
1.741520e+00	6.565586e+02
1.753862e+00	6.598997e+02
1.766239e+00	6.633384e+02
1.778651e+00	6.668754e+02
1.791096e+00	6.705109e+02
1.803575e+00	6.742452e+02
1.816088e+00	6.780787e+02
1.828634e+00	6.820113e+02
1.841213e+00	6.860433e+02
1.853825e+00	6.901745e+02
1.866469e+00	6.944048e+02
1.879146e+00	6.987341e+02
1.891855e+00	7.031621e+02
1.904596e+00	7.076884e+02
1.917368e+00	7.123125e+02
1.930172e+00	7.170338e+02
1.943007e+00	7.218518e+02
1.955873e+00	7.267657e+02
1.968769e+00	7.317746e+02
1.981696e+00	7.368777e+02
1.994652e+00	7.420739e+02
2.007639e+00	7.473621e+02
2.020655e+00	7.527411e+02
2.033701e+00	7.582095e+02
2.046775e+00	7.637660e+02
2.059879e+00	7.694091e+02
2.073011e+00	7.751372e+02
2.086171e+00	7.809485e+02
2.099359e+00	7.868412e+02
2.112575e+00	7.928135e+02
2.125819e+00	7.988634e+02
2.139090e+00	8.049887e+02
2.152388e+00	8.111873e+02
2.165712e+00	8.174568e+02
2.179063e+00	8.237950e+02
2.192441e+00	8.301997e+02
2.205844e+00	8.366691e+02
2.219273e+00	8.432007e+02
2.232727e+00	8.497919e+02
2.246206e+00	8.564400e+02
2.259711e+00	8.631421e+02
2.273240e+00	8.698953e+02
2.286793e+00	8.766968e+02
2.300370e+00	8.835433e+02
2.313971e+00	8.904318e+02
2.327596e+00	8.973591e+02
2.341243e+00	9.043219e+02
2.354914e+00	9.113167e+02
2.368608e+00	9.183401e+02
2.382324e+00	9.253887e+02
2.396062e+00	9.324591e+02
2.409822e+00	9.395476e+02
2.423603e+00	9.466504e+02
2.437406e+00	9.537638e+02
2.451230e+00	9.608840e+02
2.465075e+00	9.680069e+02
2.478940e+00	9.751287e+02
2.492825e+00	9.822456e+02
2.506730e+00	9.893560e+02
2.520655e+00	9.964568e+02
2.534600e+00	1.003544e+03
2.548563e+00	1.010614e+03
2.562545e+00	1.017662e+03
2.576546e+00	1.024685e+03
2.590565e+00	1.031678e+03
2.604602e+00	1.038637e+03
2.618656e+00	1.045560e+03
2.632728e+00	1.052440e+03
2.646818e+00	1.059276e+03
2.660923e+00	1.066066e+03
2.675046e+00	1.072807e+03
2.689185e+00	1.079496e+03
2.703339e+00	1.086128e+03
2.717510e+00	1.092700e+03
2.731696e+00	1.099210e+03
2.745896e+00	1.105656e+03
2.760112e+00	1.112035e+03
2.774342e+00	1.118346e+03
2.788587e+00	1.124585e+03
2.802845e+00	1.130749e+03
2.817117e+00	1.136835e+03
2.831403e+00	1.142840e+03
2.845702e+00	1.148760e+03
2.860013e+00	1.154593e+03
2.874337e+00	1.160336e+03
2.888673e+00	1.165985e+03
2.903021e+00	1.171538e+03
2.917380e+00	1.176991e+03
2.931751e+00	1.182343e+03
2.946133e+00	1.187589e+03
2.960526e+00	1.192728e+03
2.974929e+00	1.197756e+03
2.989343e+00	1.202670e+03
3.003766e+00	1.207469e+03
3.018199e+00	1.212150e+03
3.032641e+00	1.216681e+03
3.047092e+00	1.221063e+03
3.061552e+00	1.225325e+03
3.076020e+00	1.229463e+03
3.090497e+00	1.233475e+03
3.104981e+00	1.237360e+03
3.119472e+00	1.241115e+03
3.133971e+00	1.244737e+03
3.148477e+00	1.248227e+03
3.162989e+00	1.251580e+03
3.177508e+00	1.254797e+03
3.192033e+00	1.257874e+03
3.206564e+00	1.260811e+03
3.221100e+00	1.263606e+03
3.235641e+00	1.266256e+03
3.250187e+00	1.268762e+03
3.264737e+00	1.271122e+03
3.279292e+00	1.273334e+03
3.293851e+00	1.275397e+03
3.308413e+00	1.277310e+03
3.322979e+00	1.279072e+03
3.337548e+00	1.280682e+03
3.352119e+00	1.282140e+03
3.366693e+00	1.283444e+03
3.381270e+00	1.284594e+03
3.395848e+00	1.285589e+03
3.410427e+00	1.286429e+03
3.425008e+00	1.287114e+03
3.439590e+00	1.287642e+03
3.454173e+00	1.288014e+03
3.468756e+00	1.288229e+03
3.483339e+00	1.288159e+03
3.497922e+00	1.287878e+03
3.512504e+00	1.287441e+03
3.527086e+00	1.286848e+03
3.541666e+00	1.286098e+03
3.556245e+00	1.285194e+03
3.570823e+00	1.284134e+03
3.585398e+00	1.282919e+03
3.599971e+00	1.281551e+03
3.614542e+00	1.280030e+03
3.629109e+00	1.278356e+03
3.643674e+00	1.276531e+03
3.658234e+00	1.274555e+03
3.672792e+00	1.272430e+03
3.687345e+00	1.270157e+03
3.701893e+00	1.267736e+03
3.716437e+00	1.265169e+03
3.730976e+00	1.262459e+03
3.745510e+00	1.259605e+03
3.760038e+00	1.256609e+03
3.774560e+00	1.253473e+03
3.789076e+00	1.250200e+03
3.803586e+00	1.246789e+03
3.818089e+00	1.243244e+03
3.832585e+00	1.239566e+03
3.847073e+00	1.235757e+03
3.861554e+00	1.231819e+03
3.876027e+00	1.227754e+03
3.890492e+00	1.223564e+03
3.904948e+00	1.219252e+03
3.919395e+00	1.214819e+03
3.933834e+00	1.210214e+03
3.948262e+00	1.205484e+03
3.962681e+00	1.200637e+03
3.977091e+00	1.195674e+03
3.991489e+00	1.190600e+03
4.005878e+00	1.185416e+03
4.020255e+00	1.180126e+03
4.034621e+00	1.174731e+03
4.048976e+00	1.169236e+03
4.063319e+00	1.163643e+03
4.077650e+00	1.157954e+03
4.091969e+00	1.152174e+03
4.106275e+00	1.146304e+03
4.120568e+00	1.140348e+03
4.134847e+00	1.134309e+03
4.149114e+00	1.128190e+03
4.163366e+00	1.121994e+03
4.177605e+00	1.115725e+03
4.191829e+00	1.109386e+03
4.206038e+00	1.102978e+03
4.220233e+00	1.096505e+03
4.234412e+00	1.089969e+03
4.248576e+00	1.083372e+03
4.262724e+00	1.076716e+03
4.276856e+00	1.070005e+03
4.290971e+00	1.063243e+03
4.305070e+00	1.056433e+03
4.319152e+00	1.049578e+03
4.333217e+00	1.042680e+03
4.347264e+00	1.035742e+03
4.361293e+00	1.028768e+03
4.375305e+00	1.021762e+03
4.389298e+00	1.014728e+03
4.403272e+00	1.007670e+03
4.417227e+00	1.000593e+03
4.431163e+00	9.934996e+02
4.445080e+00	9.863943e+02
4.458977e+00	9.792810e+02
4.472854e+00	9.721617e+02
4.486710e+00	9.650389e+02
4.500546e+00	9.579167e+02
4.514361e+00	9.507989e+02
4.528155e+00	9.436894e+02
4.541927e+00	9.365921e+02
4.555678e+00	9.295107e+02
4.569407e+00	9.224490e+02
4.583113e+00	9.154104e+02
4.596797e+00	9.083985e+02
4.610458e+00	9.014166e+02
4.624096e+00	8.944683e+02
4.637711e+00	8.875567e+02
4.651302e+00	8.806853e+02
4.664869e+00	8.738572e+02
4.678412e+00	8.670754e+02
4.691930e+00	8.603431e+02
4.705424e+00	8.536632e+02
4.718893e+00	8.470385e+02
4.732337e+00	8.404718e+02
4.745755e+00	8.339658e+02
4.759147e+00	8.275231e+02
4.772513e+00	8.211459e+02
4.785853e+00	8.148361e+02
4.799166e+00	8.085958e+02
4.812453e+00	8.024274e+02
4.825712e+00	7.963333e+02
4.838944e+00	7.903155e+02
4.852148e+00	7.843761e+02
4.865325e+00	7.785171e+02
4.878473e+00	7.727403e+02
4.891593e+00	7.670474e+02
4.904684e+00	7.614402e+02
4.917747e+00	7.559202e+02
4.930780e+00	7.504889e+02
4.943784e+00	7.451476e+02
4.956758e+00	7.398976e+02
4.969702e+00	7.347400e+02
4.982616e+00	7.296761e+02
4.995499e+00	7.247066e+02
5.008352e+00	7.198326e+02
5.021173e+00	7.150548e+02
5.033964e+00	7.103739e+02
5.046723e+00	7.057905e+02
5.059450e+00	7.013052e+02
5.072146e+00	6.969183e+02
5.084809e+00	6.926302e+02
5.097440e+00	6.884411e+02
5.110038e+00	6.843512e+02
5.122603e+00	6.803607e+02
5.135135e+00	6.764694e+02
5.147633e+00	6.726772e+02
5.160098e+00	6.689841e+02
5.172529e+00	6.653897e+02
5.184926e+00	6.618937e+02
5.197288e+00	6.584957e+02
5.209616e+00	6.551952e+02
5.221909e+00	6.519917e+02
5.234167e+00	6.488845e+02
5.246389e+00	6.458730e+02
5.258576e+00	6.429562e+02
5.270727e+00	6.401335e+02
5.282842e+00	6.374039e+02
5.294921e+00	6.347665e+02
5.306963e+00	6.322201e+02
5.318969e+00	6.297638e+02
5.330938e+00	6.273964e+02
5.342869e+00	6.251169e+02
5.354763e+00	6.229243e+02
5.366620e+00	6.208174e+02
5.378438e+00	6.187950e+02
5.390219e+00	6.168555e+02
5.401961e+00	6.149978e+02
5.413665e+00	6.132211e+02
5.425329e+00	6.115245e+02
5.436955e+00	6.099063e+02
5.448542e+00	6.083652e+02
5.460090e+00	6.068996e+02
5.471597e+00	6.055080e+02
5.483065e+00	6.041887e+02
5.494493e+00	6.029401e+02
5.505881e+00	6.017605e+02
5.517228e+00	6.006482e+02
5.528535e+00	5.996018e+02
5.539800e+00	5.986211e+02
5.551025e+00	5.977045e+02
5.562208e+00	5.968504e+02
5.573350e+00	5.960572e+02
5.584450e+00	5.953232e+02
5.595508e+00	5.946466e+02
5.606524e+00	5.940258e+02
5.617498e+00	5.934590e+02
5.628429e+00	5.929445e+02
5.639317e+00	5.924806e+02
5.650163e+00	5.920655e+02
5.660965e+00	5.916974e+02
5.671724e+00	5.913746e+02
5.682440e+00	5.910953e+02
5.693112e+00	5.908578e+02
5.703740e+00	5.906604e+02
5.714324e+00	5.905012e+02
5.724864e+00	5.903792e+02
5.735359e+00	5.902946e+02
5.745810e+00	5.902459e+02
5.756215e+00	5.902316e+02
5.766576e+00	5.902503e+02
5.776892e+00	5.903003e+02
5.787162e+00	5.903803e+02
5.797386e+00	5.904887e+02
5.807565e+00	5.906242e+02
5.817698e+00	5.907853e+02
5.827785e+00	5.909705e+02
5.837826e+00	5.911786e+02
5.847820e+00	5.914080e+02
5.857768e+00	5.916575e+02
5.867668e+00	5.919256e+02
5.877522e+00	5.922112e+02
5.887329e+00	5.925127e+02
5.897088e+00	5.928291e+02
5.906800e+00	5.931589e+02
5.916465e+00	5.935011e+02
5.926081e+00	5.938548e+02
5.935650e+00	5.942190e+02
5.945170e+00	5.945927e+02
5.954642e+00	5.949747e+02
5.964066e+00	5.953643e+02
5.973441e+00	5.957602e+02
5.982768e+00	5.961617e+02
5.992045e+00	5.965677e+02
6.001274e+00	5.969779e+02
6.010453e+00	5.973929e+02
6.019583e+00	5.978124e+02
6.028664e+00	5.982353e+02
6.037694e+00	5.986610e+02
6.046675e+00	5.990886e+02
6.055607e+00	5.995175e+02
6.064488e+00	5.999469e+02
6.073318e+00	6.003762e+02
6.082099e+00	6.008045e+02
6.090829e+00	6.012314e+02
6.099508e+00	6.016561e+02
6.108137e+00	6.020779e+02
6.116714e+00	6.024964e+02
6.125241e+00	6.029109e+02
6.133716e+00	6.033208e+02
6.142140e+00	6.037255e+02
6.150513e+00	6.041247e+02
6.158834e+00	6.045176e+02
6.167104e+00	6.049039e+02
6.175321e+00	6.052830e+02
6.183487e+00	6.056545e+02
6.191601e+00	6.060180e+02
6.199662e+00	6.063729e+02
6.207671e+00	6.067189e+02
6.215628e+00	6.070556e+02
6.223533e+00	6.073826e+02
6.231385e+00	6.076995e+02
6.239184e+00	6.080060e+02
6.246930e+00	6.083017e+02
6.254623e+00	6.085864e+02
6.262263e+00	6.088596e+02
6.269850e+00	6.091211e+02
6.277384e+00	6.093707e+02
6.284865e+00	6.096081e+02
6.292292e+00	6.098330e+02
6.299665e+00	6.100452e+02
6.306985e+00	6.102445e+02
6.314251e+00	6.104307e+02
6.321463e+00	6.106036e+02
6.328621e+00	6.107630e+02
6.335726e+00	6.109088e+02
6.342776e+00	6.110409e+02
6.349772e+00	6.111590e+02
6.356714e+00	6.112631e+02
6.363601e+00	6.113535e+02
6.370434e+00	6.114314e+02
6.377213e+00	6.114970e+02
6.383937e+00	6.115501e+02
6.390606e+00	6.115907e+02
6.397221e+00	6.116187e+02
6.403780e+00	6.116342e+02
6.410285e+00	6.116372e+02
6.416735e+00	6.116276e+02
6.423131e+00	6.116056e+02
6.429471e+00	6.115710e+02
6.435755e+00	6.115240e+02
6.441985e+00	6.114646e+02
6.448160e+00	6.113929e+02
6.454279e+00	6.113090e+02
6.460343e+00	6.112129e+02
6.466352e+00	6.111048e+02
6.472305e+00	6.109847e+02
6.478203e+00	6.108528e+02
6.484045e+00	6.107093e+02
6.489832e+00	6.105543e+02
6.495563e+00	6.103881e+02
6.501239e+00	6.102162e+02
6.506859e+00	6.100351e+02
6.512423e+00	6.098422e+02
6.517932e+00	6.096376e+02
6.523385e+00	6.094216e+02
6.528782e+00	6.091945e+02
6.534123e+00	6.089566e+02
6.539409e+00	6.087081e+02
6.544639e+00	6.084494e+02
6.549813e+00	6.081808e+02
6.554932e+00	6.079026e+02
6.559994e+00	6.076153e+02
6.565001e+00	6.073190e+02
6.569952e+00	6.070144e+02
6.574847e+00	6.067017e+02
6.579687e+00	6.063813e+02
6.584471e+00	6.060537e+02
6.589199e+00	6.057193e+02
6.593871e+00	6.053786e+02
6.598488e+00	6.050320e+02
6.603049e+00	6.046800e+02
6.607554e+00	6.043231e+02
6.612004e+00	6.039617e+02
6.616398e+00	6.035963e+02
6.620737e+00	6.032276e+02
6.625020e+00	6.028559e+02
6.629248e+00	6.024817e+02
6.633421e+00	6.021057e+02
6.637538e+00	6.017283e+02
6.641600e+00	6.013500e+02
6.645607e+00	6.009713e+02
6.649559e+00	6.005927e+02
6.653456e+00	6.002148e+02
6.657298e+00	5.998380e+02
6.661086e+00	5.994627e+02
6.664818e+00	5.990894e+02
6.668497e+00	5.987184e+02
6.672120e+00	5.983502e+02
6.675690e+00	5.979850e+02
6.679205e+00	5.976232e+02
6.682667e+00	5.972648e+02
6.686074e+00	5.969101e+02
6.689428e+00	5.965591e+02
6.692729e+00	5.962116e+02
6.695976e+00	5.958677e+02
6.699170e+00	5.955269e+02
6.702311e+00	5.951888e+02
6.705399e+00	5.948527e+02
6.708435e+00	5.945179e+02
6.711419e+00	5.941833e+02
6.714351e+00	5.938476e+02
6.717231e+00	5.935092e+02
6.720060e+00	5.931661e+02
6.722838e+00	5.928161e+02
6.725565e+00	5.924571e+02
6.728241e+00	5.920861e+02
6.730868e+00	5.916994e+02
6.733445e+00	5.912926e+02
6.735972e+00	5.908607e+02
6.738451e+00	5.903977e+02
6.740882e+00	5.898971e+02
6.743265e+00	5.893511e+02
6.745600e+00	5.887510e+02
6.747889e+00	5.880870e+02
6.750132e+00	5.873477e+02
6.752329e+00	5.865205e+02
6.754482e+00	5.855911e+02
6.756590e+00	5.845435e+02
6.758655e+00	5.833598e+02
6.760677e+00	5.820202e+02
6.762657e+00	5.805025e+02
6.764597e+00	5.787826e+02
6.766497e+00	5.768338e+02
6.768358e+00	5.746270e+02
6.770181e+00	5.721309e+02
6.771968e+00	5.693118e+02
6.773719e+00	5.661336e+02
6.775437e+00	5.625587e+02
6.777121e+00	5.585477e+02
6.778774e+00	5.540601e+02
6.780398e+00	5.490554e+02
6.781993e+00	5.434933e+02
6.783562e+00	5.373352e+02
6.785106e+00	5.305450e+02
6.786627e+00	5.230909e+02
6.788128e+00	5.149463e+02
6.789609e+00	5.060917e+02
6.791074e+00	4.965158e+02
6.792524e+00	4.862170e+02
6.793961e+00	4.752044e+02
6.795389e+00	4.634987e+02
6.796808e+00	4.511322e+02
6.798222e+00	4.381494e+02
6.799633e+00	4.246057e+02
6.801043e+00	4.105667e+02
6.802454e+00	3.961065e+02
6.803869e+00	3.813060e+02
6.805290e+00	3.662518e+02
6.806720e+00	3.510318e+02
6.808161e+00	3.357316e+02
6.809614e+00	3.204363e+02
6.811082e+00	3.052271e+02
6.812567e+00	2.901794e+02
6.814072e+00	2.753618e+02
6.815597e+00	2.608352e+02
6.817144e+00	2.466525e+02
6.818716e+00	2.328583e+02
6.820314e+00	2.194889e+02
6.821939e+00	2.065731e+02
6.823594e+00	1.941323e+02
6.825278e+00	1.821813e+02
6.826995e+00	1.707291e+02
6.828744e+00	1.597795e+02
6.830526e+00	1.493318e+02
6.832344e+00	1.393815e+02
6.834198e+00	1.299212e+02
6.836089e+00	1.209408e+02
6.838017e+00	1.124282e+02
6.839984e+00	1.043699e+02
6.841991e+00	9.675116e+01
6.844037e+00	8.955648e+01
6.846124e+00	8.276989e+01
6.848252e+00	7.637513e+01
6.850423e+00	7.035592e+01
6.852635e+00	6.469607e+01
6.854890e+00	5.937962e+01
6.857189e+00	5.439098e+01
6.859531e+00	4.971493e+01
6.861918e+00	4.533677e+01
6.864349e+00	4.124226e+01
6.866824e+00	3.741774e+01
6.869345e+00	3.385008e+01
6.871911e+00	3.052672e+01
6.874523e+00	2.743564e+01
6.877180e+00	2.456540e+01
6.879884e+00	2.190507e+01
6.882634e+00	1.944428e+01
6.885430e+00	1.717314e+01
6.888273e+00	1.508227e+01
6.891163e+00	1.316277e+01
6.894100e+00	1.140617e+01
6.897083e+00	9.804443e+00
6.900114e+00	8.349986e+00
6.903192e+00	7.035574e+00
6.906318e+00	5.854359e+00
6.909491e+00	4.799846e+00
6.912711e+00	3.865874e+00
6.915979e+00	3.046600e+00
6.919294e+00	2.336480e+00
6.922657e+00	1.730253e+00
6.926068e+00	1.222927e+00
6.929526e+00	8.097616e-01
6.933032e+00	4.862552e-01
6.936585e+00	2.481321e-01
6.940187e+00	9.132913e-02
6.943836e+00	1.198423e-02
6.947448e+00	2.743431e-04
6.951118e+00	2.979494e-03
6.954758e+00	8.593179e-03
6.958367e+00	1.713510e-02
6.961945e+00	2.862297e-02
6.965492e+00	4.307228e-02
6.969008e+00	6.049629e-02
6.972495e+00	8.090579e-02
6.975951e+00	1.043088e-01
6.979377e+00	1.307105e-01
6.982773e+00	1.601130e-01
6.986139e+00	1.925148e-01
6.989476e+00	2.279114e-01
6.992783e+00	2.662941e-01
6.996061e+00	3.076504e-01
6.999310e+00	3.519639e-01
7.002531e+00	3.992137e-01
7.005723e+00	4.493758e-01
7.008886e+00	5.024210e-01
7.012021e+00	5.583149e-01
7.015129e+00	6.170180e-01
7.018208e+00	6.784857e-01
7.021261e+00	7.426684e-01
7.024286e+00	8.095126e-01
7.027284e+00	8.789576e-01
7.030255e+00	9.509373e-01
7.033200e+00	1.025380e+00
7.036119e+00	1.102207e+00
7.039013e+00	1.181334e+00
7.041881e+00	1.262668e+00
7.044723e+00	1.346110e+00
7.047541e+00	1.431556e+00
7.050334e+00	1.518892e+00
7.053104e+00	1.608000e+00
7.055849e+00	1.698752e+00
7.058571e+00	1.791014e+00
7.061270e+00	1.884644e+00
7.063947e+00	1.979493e+00
7.066601e+00	2.075405e+00
7.069233e+00	2.172217e+00
7.071844e+00	2.269757e+00
7.074434e+00	2.367847e+00
7.077004e+00	2.466303e+00
7.079553e+00	2.564910e+00
7.082083e+00	2.663394e+00
7.084594e+00	2.761650e+00
7.087086e+00	2.859471e+00
7.089560e+00	2.956641e+00
7.092017e+00	3.052943e+00
7.094456e+00	3.148152e+00
7.096879e+00	3.242042e+00
7.099286e+00	3.334384e+00
7.101678e+00	3.424945e+00
7.104055e+00	3.513492e+00
7.106418e+00	3.599790e+00
7.108767e+00	3.683608e+00
7.111103e+00	3.764713e+00
7.113427e+00	3.842875e+00
7.115739e+00	3.917870e+00
7.118040e+00	3.989475e+00
7.120331e+00	4.057477e+00
7.122612e+00	4.121667e+00
7.124884e+00	4.181846e+00
7.127147e+00	4.237823e+00
7.129403e+00	4.289419e+00
7.131652e+00	4.336468e+00
7.133895e+00	4.378812e+00
7.136132e+00	4.416313e+00
7.138364e+00	4.448844e+00
7.140592e+00	4.476294e+00
7.142817e+00	4.498570e+00
7.145039e+00	4.515596e+00
7.147259e+00	4.527312e+00
7.149478e+00	4.533678e+00
7.151696e+00	4.534430e+00
7.153915e+00	4.529406e+00
7.156134e+00	4.519024e+00
7.158356e+00	4.503321e+00
7.160580e+00	4.482351e+00
7.162807e+00	4.456187e+00
7.165038e+00	4.424916e+00
7.167274e+00	4.388647e+00
7.169515e+00	4.347500e+00
7.171763e+00	4.301614e+00
7.174017e+00	4.251139e+00
7.176279e+00	4.196241e+00
7.178548e+00	4.137095e+00
7.180827e+00	4.073890e+00
7.183116e+00	4.006822e+00
7.185414e+00	3.936097e+00
7.187724e+00	3.861930e+00
7.190045e+00	3.784538e+00
7.192378e+00	3.704148e+00
7.194724e+00	3.620987e+00
7.197084e+00	3.535286e+00
7.199457e+00	3.447279e+00
7.201846e+00	3.357200e+00
7.204249e+00	3.265282e+00
7.206668e+00	3.171757e+00
7.209104e+00	3.076856e+00
7.211557e+00	2.980807e+00
7.214027e+00	2.883833e+00
7.216515e+00	2.786154e+00
7.219021e+00	2.687987e+00
7.221546e+00	2.589541e+00
7.224091e+00	2.490951e+00
7.226656e+00	2.392434e+00
7.229241e+00	2.294235e+00
7.231847e+00	2.196540e+00
7.234475e+00	2.099530e+00
7.237124e+00	2.003378e+00
7.239795e+00	1.908248e+00
7.242489e+00	1.814298e+00
7.245206e+00	1.721681e+00
7.247946e+00	1.630539e+00
7.250709e+00	1.541008e+00
7.253497e+00	1.453217e+00
7.256309e+00	1.367288e+00
7.259146e+00	1.283334e+00
7.262008e+00	1.201464e+00
7.264895e+00	1.121777e+00
7.267808e+00	1.044367e+00
7.270748e+00	9.693201e-01
7.273713e+00	8.967175e-01
7.276705e+00	8.266325e-01
7.279724e+00	7.591322e-01
7.282770e+00	6.942788e-01
7.285843e+00	6.321276e-01
7.288944e+00	5.727290e-01
7.292073e+00	5.161289e-01
7.295229e+00	4.623681e-01
7.298415e+00	4.114823e-01
7.301628e+00	3.635020e-01
7.304871e+00	3.184523e-01
7.308142e+00	2.763549e-01
7.311443e+00	2.372275e-01
7.314773e+00	2.010835e-01
7.318132e+00	1.679324e-01
7.321521e+00	1.377798e-01
7.324940e+00	1.106280e-01
7.328389e+00	8.647566e-02
7.331869e+00	6.531842e-02
7.335378e+00	4.714894e-02
7.338918e+00	3.195710e-02
7.342489e+00	1.973024e-02
7.346091e+00	1.045341e-02
7.349723e+00	4.109438e-03
7.353387e+00	6.791029e-04
