phi12 = 0°, theta1 = theta2 = 20.5°, Elab = 13 MeV, ed = -2.225. Compare to Trotter
6.533897e+00	0.000000e+00
0.000000e+00	1.771905e-05
3.270983e-03	8.618940e-02
6.467716e-03	3.506897e-01
9.590464e-03	8.107000e-01
1.263952e-02	1.484835e+00
1.561522e-02	2.393259e+00
1.851792e-02	3.557807e+00
2.134804e-02	5.002112e+00
2.410601e-02	6.751736e+00
2.679234e-02	8.834297e+00
2.940757e-02	1.127960e+01
3.195232e-02	1.411974e+01
3.442727e-02	1.738921e+01
3.683315e-02	2.112495e+01
3.917078e-02	2.536636e+01
4.144109e-02	3.015523e+01
4.364508e-02	3.553558e+01
4.578387e-02	4.155337e+01
4.785869e-02	4.825597e+01
4.987091e-02	5.569096e+01
5.182204e-02	6.390521e+01
5.371375e-02	7.294407e+01
5.554791e-02	8.284910e+01
5.732655e-02	9.366094e+01
5.905193e-02	1.054287e+02
6.072654e-02	1.181784e+02
6.235313e-02	1.319190e+02
6.393469e-02	1.466396e+02
6.547451e-02	1.623043e+02
6.697615e-02	1.788471e+02
6.844349e-02	1.961684e+02
6.988069e-02	2.141327e+02
7.129218e-02	2.325688e+02
7.268267e-02	2.512738e+02
7.405710e-02	2.700200e+02
7.542058e-02	2.885667e+02
7.677839e-02	3.066729e+02
7.813586e-02	3.241127e+02
7.949835e-02	3.406890e+02
8.087119e-02	3.562444e+02
8.225959e-02	3.706683e+02
8.366860e-02	3.838984e+02
8.510306e-02	3.959193e+02
8.656759e-02	4.067555e+02
8.806652e-02	4.164639e+02
8.960392e-02	4.251266e+02
9.118355e-02	4.328409e+02
9.280892e-02	4.397093e+02
9.448322e-02	4.458354e+02
9.620942e-02	4.513197e+02
9.799020e-02	4.562570e+02
9.982803e-02	4.607341e+02
1.017252e-01	4.648290e+02
1.036837e-01	4.686103e+02
1.057054e-01	4.721381e+02
1.077920e-01	4.754644e+02
1.099451e-01	4.786339e+02
1.121661e-01	4.816845e+02
1.144564e-01	4.846486e+02
1.168170e-01	4.875548e+02
1.192491e-01	4.904332e+02
1.217537e-01	4.933033e+02
1.243317e-01	4.961807e+02
1.269839e-01	4.990779e+02
1.297112e-01	5.020054e+02
1.325142e-01	5.049717e+02
1.353936e-01	5.079839e+02
1.383500e-01	5.110475e+02
1.413840e-01	5.141672e+02
1.444961e-01	5.173465e+02
1.476868e-01	5.205883e+02
1.509566e-01	5.238949e+02
1.543058e-01	5.272680e+02
1.577349e-01	5.307089e+02
1.612443e-01	5.342184e+02
1.648342e-01	5.377974e+02
1.685050e-01	5.414461e+02
1.722571e-01	5.451608e+02
1.760906e-01	5.489352e+02
1.800059e-01	5.527690e+02
1.840032e-01	5.566622e+02
1.880827e-01	5.606143e+02
1.922446e-01	5.646251e+02
1.964892e-01	5.686941e+02
2.008167e-01	5.728210e+02
2.052271e-01	5.770052e+02
2.097207e-01	5.812463e+02
2.142977e-01	5.855500e+02
2.189582e-01	5.899236e+02
2.237023e-01	5.943656e+02
2.285301e-01	5.988746e+02
2.334418e-01	6.034488e+02
2.384375e-01	6.080867e+02
2.435173e-01	6.127865e+02
2.486813e-01	6.175465e+02
2.539296e-01	6.223650e+02
2.592623e-01	6.272402e+02
2.646794e-01	6.321703e+02
2.701811e-01	6.371534e+02
2.757673e-01	6.421876e+02
2.814382e-01	6.472710e+02
2.871939e-01	6.524015e+02
2.930343e-01	6.575773e+02
2.989595e-01	6.627961e+02
3.049696e-01	6.680559e+02
3.110646e-01	6.733546e+02
3.172445e-01	6.786899e+02
3.235095e-01	6.840595e+02
3.298594e-01	6.894613e+02
3.362943e-01	6.948928e+02
3.428143e-01	7.003516e+02
3.494193e-01	7.058354e+02
3.561095e-01	7.113417e+02
3.628847e-01	7.168678e+02
3.697450e-01	7.224113e+02
3.766903e-01	7.279694e+02
3.837208e-01	7.335396e+02
3.908364e-01	7.391191e+02
3.980370e-01	7.447050e+02
4.053227e-01	7.502947e+02
4.126935e-01	7.558852e+02
4.201493e-01	7.614736e+02
4.276902e-01	7.670569e+02
4.353160e-01	7.726322e+02
4.430269e-01	7.781982e+02
4.508227e-01	7.837559e+02
4.587034e-01	7.893040e+02
4.666690e-01	7.948414e+02
4.747195e-01	8.003688e+02
4.828548e-01	8.058850e+02
4.910749e-01	8.113888e+02
4.993798e-01	8.168789e+02
5.077694e-01	8.223544e+02
5.162436e-01	8.278253e+02
5.248025e-01	8.332945e+02
5.334459e-01	8.387598e+02
5.421738e-01	8.442187e+02
5.509862e-01	8.496690e+02
5.598830e-01	8.551085e+02
5.688641e-01	8.605349e+02
5.779295e-01	8.659460e+02
5.870791e-01	8.713395e+02
5.963129e-01	8.767134e+02
6.056308e-01	8.820654e+02
6.150327e-01	8.873936e+02
6.245185e-01	8.926959e+02
6.338539e-01	8.978427e+02
6.435053e-01	9.030968e+02
6.532405e-01	9.083311e+02
6.630594e-01	9.135461e+02
6.729618e-01	9.187352e+02
6.829477e-01	9.238917e+02
6.930170e-01	9.290163e+02
7.031696e-01	9.341100e+02
7.134055e-01	9.391737e+02
7.237244e-01	9.442084e+02
7.341265e-01	9.492151e+02
7.446114e-01	9.541949e+02
7.551792e-01	9.591490e+02
7.658298e-01	9.640786e+02
7.765630e-01	9.689851e+02
7.873788e-01	9.738697e+02
7.982770e-01	9.787340e+02
8.092576e-01	9.835793e+02
8.203204e-01	9.884072e+02
8.314653e-01	9.932193e+02
8.426922e-01	9.980172e+02
8.540011e-01	1.002803e+03
8.653917e-01	1.007577e+03
8.768641e-01	1.012343e+03
8.884179e-01	1.017101e+03
9.000533e-01	1.021855e+03
9.117699e-01	1.026605e+03
9.235678e-01	1.031353e+03
9.354467e-01	1.036102e+03
9.474065e-01	1.040853e+03
9.594472e-01	1.045609e+03
9.715686e-01	1.050371e+03
9.837705e-01	1.055142e+03
9.960529e-01	1.059922e+03
1.008416e+00	1.064704e+03
1.020858e+00	1.069489e+03
1.033381e+00	1.074280e+03
1.045984e+00	1.079076e+03
1.058666e+00	1.083881e+03
1.071428e+00	1.088693e+03
1.084270e+00	1.093516e+03
1.097191e+00	1.098350e+03
1.110191e+00	1.103196e+03
1.123270e+00	1.108056e+03
1.136427e+00	1.112929e+03
1.149664e+00	1.117762e+03
1.162979e+00	1.122538e+03
1.176372e+00	1.127256e+03
1.189844e+00	1.131917e+03
1.203394e+00	1.136520e+03
1.217022e+00	1.141064e+03
1.230727e+00	1.145551e+03
1.244510e+00	1.149980e+03
1.258371e+00	1.154351e+03
1.272309e+00	1.158664e+03
1.286324e+00	1.162919e+03
1.300415e+00	1.167115e+03
1.314584e+00	1.171254e+03
1.328829e+00	1.175336e+03
1.343151e+00	1.179360e+03
1.357548e+00	1.183329e+03
1.372022e+00	1.187244e+03
1.386572e+00	1.191104e+03
1.401197e+00	1.194911e+03
1.415898e+00	1.198664e+03
1.430675e+00	1.202362e+03
1.445526e+00	1.206007e+03
1.460452e+00	1.209599e+03
1.475454e+00	1.213136e+03
1.490529e+00	1.216625e+03
1.505680e+00	1.220072e+03
1.520904e+00	1.223478e+03
1.536202e+00	1.226843e+03
1.551574e+00	1.230166e+03
1.567020e+00	1.233448e+03
1.582539e+00	1.236687e+03
1.598132e+00	1.239883e+03
1.613797e+00	1.243036e+03
1.629536e+00	1.246146e+03
1.645346e+00	1.249211e+03
1.661230e+00	1.252232e+03
1.677185e+00	1.255207e+03
1.693213e+00	1.258138e+03
1.709312e+00	1.261023e+03
1.725483e+00	1.263862e+03
1.741725e+00	1.266652e+03
1.758038e+00	1.269382e+03
1.774422e+00	1.272049e+03
1.790877e+00	1.274653e+03
1.807403e+00	1.277194e+03
1.823999e+00	1.279673e+03
1.840664e+00	1.282088e+03
1.857400e+00	1.284442e+03
1.874205e+00	1.286736e+03
1.891080e+00	1.288976e+03
1.908024e+00	1.291159e+03
1.925037e+00	1.293288e+03
1.942118e+00	1.295361e+03
1.959268e+00	1.297380e+03
1.976486e+00	1.299345e+03
1.993772e+00	1.301255e+03
2.011126e+00	1.303111e+03
2.028547e+00	1.304914e+03
2.046036e+00	1.306664e+03
2.063592e+00	1.308361e+03
2.081215e+00	1.310005e+03
2.098904e+00	1.311596e+03
2.116659e+00	1.313138e+03
2.134481e+00	1.314632e+03
2.152368e+00	1.316078e+03
2.170322e+00	1.317477e+03
2.188340e+00	1.318829e+03
2.206424e+00	1.320133e+03
2.224572e+00	1.321390e+03
2.242785e+00	1.322600e+03
2.261062e+00	1.323765e+03
2.279404e+00	1.324884e+03
2.297809e+00	1.325958e+03
2.316278e+00	1.326987e+03
2.334810e+00	1.327969e+03
2.353405e+00	1.328906e+03
2.372064e+00	1.329795e+03
2.390784e+00	1.330637e+03
2.409567e+00	1.331432e+03
2.428412e+00	1.332178e+03
2.447319e+00	1.332875e+03
2.466287e+00	1.333523e+03
2.485316e+00	1.334120e+03
2.504407e+00	1.334666e+03
2.523558e+00	1.335172e+03
2.542769e+00	1.335639e+03
2.562041e+00	1.336065e+03
2.581372e+00	1.336447e+03
2.600763e+00	1.336783e+03
2.620214e+00	1.337072e+03
2.639723e+00	1.337310e+03
2.659291e+00	1.337496e+03
2.678918e+00	1.337628e+03
2.698603e+00	1.337703e+03
2.718346e+00	1.337720e+03
2.738146e+00	1.337677e+03
2.758004e+00	1.337571e+03
2.777919e+00	1.337400e+03
2.797890e+00	1.337164e+03
2.817919e+00	1.336859e+03
2.838003e+00	1.336485e+03
2.858143e+00	1.336040e+03
2.878339e+00	1.335522e+03
2.898590e+00	1.334930e+03
2.918896e+00	1.334263e+03
2.939257e+00	1.333520e+03
2.959673e+00	1.332699e+03
2.980142e+00	1.331800e+03
3.000666e+00	1.330823e+03
3.021243e+00	1.329767e+03
3.041873e+00	1.328631e+03
3.062556e+00	1.327413e+03
3.083292e+00	1.326100e+03
3.104081e+00	1.324693e+03
3.124921e+00	1.323193e+03
3.145813e+00	1.321601e+03
3.166757e+00	1.319918e+03
3.187751e+00	1.318147e+03
3.208797e+00	1.316289e+03
3.229893e+00	1.314347e+03
3.251039e+00	1.312324e+03
3.272235e+00	1.310222e+03
3.293481e+00	1.308043e+03
3.314776e+00	1.305793e+03
3.336120e+00	1.303469e+03
3.357512e+00	1.301071e+03
3.378953e+00	1.298607e+03
3.400442e+00	1.296085e+03
3.421979e+00	1.293513e+03
3.443563e+00	1.290899e+03
3.465194e+00	1.288251e+03
3.486872e+00	1.285577e+03
3.508596e+00	1.282887e+03
3.530366e+00	1.280190e+03
3.552183e+00	1.277493e+03
3.574044e+00	1.274808e+03
3.595951e+00	1.272139e+03
3.617903e+00	1.269496e+03
3.639899e+00	1.266889e+03
3.661939e+00	1.264330e+03
3.684023e+00	1.261832e+03
3.706150e+00	1.259406e+03
3.728321e+00	1.257064e+03
3.750534e+00	1.254816e+03
3.772790e+00	1.252675e+03
3.795089e+00	1.250650e+03
3.817429e+00	1.248751e+03
3.839810e+00	1.246984e+03
3.862233e+00	1.245362e+03
3.884696e+00	1.243892e+03
3.907200e+00	1.242586e+03
3.929745e+00	1.241452e+03
3.952329e+00	1.240499e+03
3.974952e+00	1.239735e+03
3.997615e+00	1.239169e+03
4.020316e+00	1.238809e+03
4.043056e+00	1.238662e+03
4.065834e+00	1.238734e+03
4.088650e+00	1.239023e+03
4.111503e+00	1.239532e+03
4.134393e+00	1.240266e+03
4.157320e+00	1.241233e+03
4.180284e+00	1.242438e+03
4.203283e+00	1.243884e+03
4.226318e+00	1.245578e+03
4.249389e+00	1.247522e+03
4.272495e+00	1.249719e+03
4.295635e+00	1.252172e+03
4.318809e+00	1.254883e+03
4.342018e+00	1.257852e+03
4.365260e+00	1.261082e+03
4.388535e+00	1.264571e+03
4.411844e+00	1.268319e+03
4.435184e+00	1.272324e+03
4.458557e+00	1.276586e+03
4.481962e+00	1.281100e+03
4.505399e+00	1.285864e+03
4.528866e+00	1.290874e+03
4.552364e+00	1.296126e+03
4.575893e+00	1.301614e+03
4.599452e+00	1.307334e+03
4.623040e+00	1.313277e+03
4.646658e+00	1.319434e+03
4.670305e+00	1.325799e+03
4.693980e+00	1.332362e+03
4.717684e+00	1.339111e+03
4.741415e+00	1.346036e+03
4.765174e+00	1.353131e+03
4.788961e+00	1.360388e+03
4.812774e+00	1.367797e+03
4.836613e+00	1.375352e+03
4.860479e+00	1.383042e+03
4.884370e+00	1.390859e+03
4.908287e+00	1.398792e+03
4.932229e+00	1.406831e+03
4.956195e+00	1.414967e+03
4.980186e+00	1.423191e+03
5.004200e+00	1.431492e+03
5.028238e+00	1.439862e+03
5.052299e+00	1.448289e+03
5.076383e+00	1.456761e+03
5.100490e+00	1.465266e+03
5.124618e+00	1.473796e+03
5.148769e+00	1.482344e+03
5.172940e+00	1.490902e+03
5.197132e+00	1.499463e+03
5.221345e+00	1.508019e+03
5.245579e+00	1.516562e+03
5.269832e+00	1.525085e+03
5.294104e+00	1.533579e+03
5.318396e+00	1.542034e+03
5.342706e+00	1.550442e+03
5.367035e+00	1.558798e+03
5.391381e+00	1.567093e+03
5.415746e+00	1.575323e+03
5.440127e+00	1.583478e+03
5.464525e+00	1.591551e+03
5.488940e+00	1.599538e+03
5.513371e+00	1.607431e+03
5.537818e+00	1.615224e+03
5.562280e+00	1.622911e+03
5.586756e+00	1.630488e+03
5.611248e+00	1.637948e+03
5.635754e+00	1.645287e+03
5.660273e+00	1.652500e+03
5.684806e+00	1.659581e+03
5.709352e+00	1.666525e+03
5.733911e+00	1.673328e+03
5.758482e+00	1.679985e+03
5.783065e+00	1.686490e+03
5.807660e+00	1.692838e+03
5.832266e+00	1.699025e+03
5.856883e+00	1.705046e+03
5.881510e+00	1.710897e+03
5.906147e+00	1.716572e+03
5.930794e+00	1.722045e+03
5.955450e+00	1.727264e+03
5.980115e+00	1.732304e+03
6.004789e+00	1.737162e+03
6.029471e+00	1.741833e+03
6.054160e+00	1.746313e+03
6.078857e+00	1.750599e+03
6.103561e+00	1.754688e+03
6.128272e+00	1.758576e+03
6.152989e+00	1.762259e+03
6.177711e+00	1.765736e+03
6.202440e+00	1.769003e+03
6.227173e+00	1.772057e+03
6.251911e+00	1.774896e+03
6.276653e+00	1.777518e+03
6.301400e+00	1.779920e+03
6.326150e+00	1.782101e+03
6.350903e+00	1.784058e+03
6.375659e+00	1.785790e+03
6.400417e+00	1.787295e+03
6.425178e+00	1.788573e+03
6.449940e+00	1.789623e+03
6.474704e+00	1.790442e+03
6.499468e+00	1.791032e+03
6.524233e+00	1.791391e+03
6.548998e+00	1.791332e+03
6.573763e+00	1.790922e+03
6.598527e+00	1.790282e+03
6.623290e+00	1.789412e+03
6.648052e+00	1.788312e+03
6.672812e+00	1.786984e+03
6.697570e+00	1.785429e+03
6.722325e+00	1.783647e+03
6.747078e+00	1.781641e+03
6.771827e+00	1.779412e+03
6.796573e+00	1.776961e+03
6.821314e+00	1.774292e+03
6.846051e+00	1.771405e+03
6.870783e+00	1.768304e+03
6.895510e+00	1.764991e+03
6.920232e+00	1.761468e+03
6.944947e+00	1.757740e+03
6.969656e+00	1.753807e+03
6.994359e+00	1.749675e+03
7.019054e+00	1.745346e+03
7.043742e+00	1.740824e+03
7.068422e+00	1.736112e+03
7.093094e+00	1.731214e+03
7.117757e+00	1.726133e+03
7.142411e+00	1.720875e+03
7.167055e+00	1.715341e+03
7.191690e+00	1.709627e+03
7.216315e+00	1.703739e+03
7.240929e+00	1.697681e+03
7.265533e+00	1.691458e+03
7.290125e+00	1.685075e+03
7.314705e+00	1.678536e+03
7.339274e+00	1.671847e+03
7.363830e+00	1.665013e+03
7.388373e+00	1.658038e+03
7.412903e+00	1.650928e+03
7.437419e+00	1.643687e+03
7.461922e+00	1.636321e+03
7.486410e+00	1.628834e+03
7.510884e+00	1.621233e+03
7.535342e+00	1.613522e+03
7.559785e+00	1.605706e+03
7.584212e+00	1.597792e+03
7.608623e+00	1.589786e+03
7.633018e+00	1.581694e+03
7.657395e+00	1.573522e+03
7.681756e+00	1.565278e+03
7.706098e+00	1.556968e+03
7.730423e+00	1.548601e+03
7.754729e+00	1.540182e+03
7.779016e+00	1.531718e+03
7.803284e+00	1.523216e+03
7.827533e+00	1.514688e+03
7.851762e+00	1.506141e+03
7.875970e+00	1.497584e+03
7.900158e+00	1.489023e+03
7.924324e+00	1.480466e+03
7.948470e+00	1.471921e+03
7.972593e+00	1.463396e+03
7.996694e+00	1.454898e+03
8.020773e+00	1.446435e+03
8.044829e+00	1.438019e+03
8.068862e+00	1.429664e+03
8.092871e+00	1.421379e+03
8.116856e+00	1.413173e+03
8.140817e+00	1.405058e+03
8.164753e+00	1.397041e+03
8.188664e+00	1.389133e+03
8.212550e+00	1.381343e+03
8.236409e+00	1.373682e+03
8.260243e+00	1.366158e+03
8.284050e+00	1.358781e+03
8.307830e+00	1.351560e+03
8.331583e+00	1.344501e+03
8.355308e+00	1.337614e+03
8.379005e+00	1.330905e+03
8.402674e+00	1.324384e+03
8.426314e+00	1.318064e+03
8.449926e+00	1.311954e+03
8.473507e+00	1.306059e+03
8.497059e+00	1.300390e+03
8.520581e+00	1.294953e+03
8.544072e+00	1.289754e+03
8.567533e+00	1.284797e+03
8.590962e+00	1.280087e+03
8.614360e+00	1.275628e+03
8.637725e+00	1.271423e+03
8.661059e+00	1.267474e+03
8.684360e+00	1.263783e+03
8.707627e+00	1.260351e+03
8.730862e+00	1.257178e+03
8.754063e+00	1.254265e+03
8.777230e+00	1.251611e+03
8.800362e+00	1.249215e+03
8.823460e+00	1.247073e+03
8.846522e+00	1.245185e+03
8.869549e+00	1.243546e+03
8.892541e+00	1.242153e+03
8.915496e+00	1.241001e+03
8.938415e+00	1.240085e+03
8.961296e+00	1.239401e+03
8.984141e+00	1.238941e+03
9.006948e+00	1.238699e+03
9.029718e+00	1.238676e+03
9.052449e+00	1.238870e+03
9.075142e+00	1.239276e+03
9.097795e+00	1.239886e+03
9.120410e+00	1.240692e+03
9.142985e+00	1.241685e+03
9.165520e+00	1.242858e+03
9.188015e+00	1.244201e+03
9.210469e+00	1.245705e+03
9.232882e+00	1.247360e+03
9.255255e+00	1.249157e+03
9.277585e+00	1.251084e+03
9.299874e+00	1.253135e+03
9.322120e+00	1.255301e+03
9.344324e+00	1.257570e+03
9.366485e+00	1.259932e+03
9.388602e+00	1.262375e+03
9.410676e+00	1.264887e+03
9.432707e+00	1.267457e+03
9.454693e+00	1.270073e+03
9.476634e+00	1.272723e+03
9.498531e+00	1.275396e+03
9.520382e+00	1.278085e+03
9.542188e+00	1.280782e+03
9.563948e+00	1.283479e+03
9.585661e+00	1.286166e+03
9.607329e+00	1.288834e+03
9.628949e+00	1.291476e+03
9.650522e+00	1.294082e+03
9.672048e+00	1.296644e+03
9.693526e+00	1.299153e+03
9.714956e+00	1.301603e+03
9.736338e+00	1.303985e+03
9.757671e+00	1.306293e+03
9.778955e+00	1.308528e+03
9.800189e+00	1.310690e+03
9.821374e+00	1.312775e+03
9.842509e+00	1.314781e+03
9.863593e+00	1.316704e+03
9.884627e+00	1.318543e+03
9.905610e+00	1.320295e+03
9.926542e+00	1.321958e+03
9.947422e+00	1.323530e+03
9.968251e+00	1.325010e+03
9.989027e+00	1.326397e+03
1.000975e+01	1.327688e+03
1.003042e+01	1.328887e+03
1.005104e+01	1.330005e+03
1.007161e+01	1.331044e+03
1.009212e+01	1.332004e+03
1.011257e+01	1.332886e+03
1.013298e+01	1.333689e+03
1.015333e+01	1.334416e+03
1.017362e+01	1.335067e+03
1.019386e+01	1.335642e+03
1.021404e+01	1.336144e+03
1.023417e+01	1.336574e+03
1.025424e+01	1.336932e+03
1.027426e+01	1.337222e+03
1.029421e+01	1.337443e+03
1.031412e+01	1.337599e+03
1.033396e+01	1.337692e+03
1.035375e+01	1.337722e+03
1.037348e+01	1.337692e+03
1.039315e+01	1.337604e+03
1.041276e+01	1.337460e+03
1.043232e+01	1.337262e+03
1.045181e+01	1.337013e+03
1.047125e+01	1.336714e+03
1.049063e+01	1.336367e+03
1.050995e+01	1.335975e+03
1.052920e+01	1.335540e+03
1.054840e+01	1.335064e+03
1.056754e+01	1.334550e+03
1.058662e+01	1.333993e+03
1.060563e+01	1.333385e+03
1.062459e+01	1.332727e+03
1.064348e+01	1.332019e+03
1.066231e+01	1.331262e+03
1.068108e+01	1.330457e+03
1.069979e+01	1.329604e+03
1.071843e+01	1.328704e+03
1.073701e+01	1.327758e+03
1.075553e+01	1.326765e+03
1.077398e+01	1.325727e+03
1.079237e+01	1.324642e+03
1.081070e+01	1.323513e+03
1.082896e+01	1.322338e+03
1.084716e+01	1.321118e+03
1.086529e+01	1.319851e+03
1.088336e+01	1.318536e+03
1.090137e+01	1.317174e+03
1.091931e+01	1.315765e+03
1.093718e+01	1.314308e+03
1.095498e+01	1.312804e+03
1.097273e+01	1.311251e+03
1.099040e+01	1.309648e+03
1.100801e+01	1.307993e+03
1.102555e+01	1.306284e+03
1.104302e+01	1.304523e+03
1.106043e+01	1.302708e+03
1.107777e+01	1.300840e+03
1.109504e+01	1.298918e+03
1.111224e+01	1.296942e+03
1.112937e+01	1.294911e+03
1.114644e+01	1.292825e+03
1.116344e+01	1.290685e+03
1.118036e+01	1.288489e+03
1.119722e+01	1.286237e+03
1.121401e+01	1.283930e+03
1.123073e+01	1.281563e+03
1.124738e+01	1.279134e+03
1.126396e+01	1.276642e+03
1.128047e+01	1.274087e+03
1.129691e+01	1.271469e+03
1.131328e+01	1.268788e+03
1.132958e+01	1.266045e+03
1.134580e+01	1.263242e+03
1.136196e+01	1.260393e+03
1.137804e+01	1.257499e+03
1.139405e+01	1.254558e+03
1.140999e+01	1.251572e+03
1.142586e+01	1.248542e+03
1.144165e+01	1.245467e+03
1.145737e+01	1.242348e+03
1.147302e+01	1.239185e+03
1.148860e+01	1.235980e+03
1.150410e+01	1.232731e+03
1.151953e+01	1.229440e+03
1.153488e+01	1.226108e+03
1.155017e+01	1.222734e+03
1.156537e+01	1.219319e+03
1.158051e+01	1.215863e+03
1.159557e+01	1.212364e+03
1.161055e+01	1.208815e+03
1.162546e+01	1.205212e+03
1.164029e+01	1.201555e+03
1.165505e+01	1.197844e+03
1.166974e+01	1.194080e+03
1.168435e+01	1.190262e+03
1.169888e+01	1.186389e+03
1.171333e+01	1.182462e+03
1.172771e+01	1.178481e+03
1.174202e+01	1.174445e+03
1.175625e+01	1.170351e+03
1.177040e+01	1.166199e+03
1.178447e+01	1.161990e+03
1.179847e+01	1.157722e+03
1.181239e+01	1.153396e+03
1.182623e+01	1.149013e+03
1.184000e+01	1.144571e+03
1.185369e+01	1.140072e+03
1.186730e+01	1.135514e+03
1.188083e+01	1.130899e+03
1.189428e+01	1.126226e+03
1.190766e+01	1.121495e+03
1.192096e+01	1.116706e+03
1.193417e+01	1.111860e+03
1.194731e+01	1.106988e+03
1.196038e+01	1.102131e+03
1.197336e+01	1.097288e+03
1.198626e+01	1.092456e+03
1.199908e+01	1.087636e+03
1.201183e+01	1.082825e+03
1.202449e+01	1.078023e+03
1.203708e+01	1.073228e+03
1.204958e+01	1.068439e+03
1.206201e+01	1.063654e+03
1.207435e+01	1.058872e+03
1.208661e+01	1.054094e+03
1.209880e+01	1.049325e+03
1.211090e+01	1.044564e+03
1.212292e+01	1.039810e+03
1.213486e+01	1.035059e+03
1.214673e+01	1.030311e+03
1.215850e+01	1.025562e+03
1.217020e+01	1.020812e+03
1.218182e+01	1.016057e+03
1.219336e+01	1.011297e+03
1.220481e+01	1.006530e+03
1.221618e+01	1.001753e+03
1.222747e+01	9.969651e+02
1.223868e+01	9.921642e+02
1.224981e+01	9.873488e+02
1.226085e+01	9.825172e+02
1.227181e+01	9.776679e+02
1.228269e+01	9.727993e+02
1.229349e+01	9.679100e+02
1.230420e+01	9.629985e+02
1.231484e+01	9.580636e+02
1.232538e+01	9.531040e+02
1.233585e+01	9.481184e+02
1.234623e+01	9.431057e+02
1.235653e+01	9.380647e+02
1.236675e+01	9.329945e+02
1.237688e+01	9.278941e+02
1.238693e+01	9.227625e+02
1.239690e+01	9.175989e+02
1.240679e+01	9.124030e+02
1.241658e+01	9.071838e+02
1.242630e+01	9.019452e+02
1.243593e+01	8.966866e+02
1.244548e+01	8.914051e+02
1.245495e+01	8.860964e+02
1.246433e+01	8.807622e+02
1.247362e+01	8.754046e+02
1.248284e+01	8.700257e+02
1.249197e+01	8.646277e+02
1.250101e+01	8.592127e+02
1.250997e+01	8.537829e+02
1.251885e+01	8.483406e+02
1.252764e+01	8.428880e+02
1.253634e+01	8.374273e+02
1.254497e+01	8.319609e+02
1.255350e+01	8.264910e+02
1.256196e+01	8.210200e+02
1.257032e+01	8.155412e+02
1.257861e+01	8.100476e+02
1.258681e+01	8.045407e+02
1.259492e+01	7.990216e+02
1.260295e+01	7.934918e+02
1.261089e+01	7.879518e+02
1.261875e+01	7.824012e+02
1.262653e+01	7.768413e+02
1.263422e+01	7.712733e+02
1.264182e+01	7.656957e+02
1.264934e+01	7.601109e+02
1.265678e+01	7.545217e+02
1.266413e+01	7.489312e+02
1.267139e+01	7.433422e+02
1.267857e+01	7.377575e+02
1.268566e+01	7.321801e+02
1.269267e+01	7.266126e+02
1.269960e+01	7.210578e+02
1.270644e+01	7.155183e+02
1.271319e+01	7.099968e+02
1.271986e+01	7.044958e+02
1.272644e+01	6.990178e+02
1.273294e+01	6.935654e+02
1.273935e+01	6.881409e+02
1.274568e+01	6.827468e+02
1.275193e+01	6.773853e+02
1.275808e+01	6.720588e+02
1.276416e+01	6.667694e+02
1.277015e+01	6.615194e+02
1.277605e+01	6.563108e+02
1.278187e+01	6.511459e+02
1.278760e+01	6.460267e+02
1.279325e+01	6.409551e+02
1.279882e+01	6.359332e+02
1.280430e+01	6.309629e+02
1.280969e+01	6.260460e+02
1.281501e+01	6.211845e+02
1.282023e+01	6.163801e+02
1.282538e+01	6.116345e+02
1.283043e+01	6.069497e+02
1.283541e+01	6.023272e+02
1.284030e+01	5.977687e+02
1.284511e+01	5.932760e+02
1.284983e+01	5.888505e+02
1.285447e+01	5.844938e+02
1.285902e+01	5.802067e+02
1.286350e+01	5.759794e+02
1.286789e+01	5.718091e+02
1.287219e+01	5.676963e+02
1.287642e+01	5.636415e+02
1.288056e+01	5.596449e+02
1.288462e+01	5.557072e+02
1.288859e+01	5.518285e+02
1.289249e+01	5.480091e+02
1.289630e+01	5.442492e+02
1.290003e+01	5.405497e+02
1.290368e+01	5.369180e+02
1.290725e+01	5.333561e+02
1.291074e+01	5.298633e+02
1.291415e+01	5.264391e+02
1.291748e+01	5.230823e+02
1.292073e+01	5.197917e+02
1.292390e+01	5.165654e+02
1.292699e+01	5.134009e+02
1.293001e+01	5.102953e+02
1.293294e+01	5.072446e+02
1.293580e+01	5.042442e+02
1.293859e+01	5.012881e+02
1.294129e+01	4.983688e+02
1.294393e+01	4.954775e+02
1.294649e+01	4.926032e+02
1.294897e+01	4.897325e+02
1.295139e+01	4.868495e+02
1.295373e+01	4.839321e+02
1.295600e+01	4.809496e+02
1.295821e+01	4.778731e+02
1.296034e+01	4.746692e+02
1.296241e+01	4.712981e+02
1.296442e+01	4.677135e+02
1.296636e+01	4.638616e+02
1.296824e+01	4.596802e+02
1.297006e+01	4.550983e+02
1.297183e+01	4.500360e+02
1.297354e+01	4.444041e+02
1.297520e+01	4.381064e+02
1.297682e+01	4.310413e+02
1.297838e+01	4.231050e+02
1.297991e+01	4.141960e+02
1.298140e+01	4.042191e+02
1.298286e+01	3.930981e+02
1.298428e+01	3.807832e+02
1.298569e+01	3.672587e+02
1.298707e+01	3.525514e+02
1.298844e+01	3.367349e+02
1.298980e+01	3.199318e+02
1.299116e+01	3.023099e+02
1.299251e+01	2.840746e+02
1.299388e+01	2.654569e+02
1.299526e+01	2.466988e+02
1.299665e+01	2.280392e+02
1.299807e+01	2.097005e+02
1.299951e+01	1.918786e+02
1.300098e+01	1.747360e+02
1.300249e+01	1.583996e+02
1.300404e+01	1.429603e+02
1.300564e+01	1.284764e+02
1.300727e+01	1.149774e+02
1.300896e+01	1.024687e+02
1.301070e+01	9.093717e+01
1.301249e+01	8.035134e+01
1.301434e+01	7.066111e+01
1.301624e+01	6.182738e+01
1.301821e+01	5.380749e+01
1.302024e+01	4.655546e+01
1.302233e+01	4.002430e+01
1.302448e+01	3.416631e+01
1.302670e+01	2.893439e+01
1.302899e+01	2.428303e+01
1.303134e+01	2.016872e+01
1.303376e+01	1.655024e+01
1.303625e+01	1.338880e+01
1.303882e+01	1.064804e+01
1.304145e+01	8.294085e+00
1.304415e+01	6.295391e+00
1.304693e+01	4.622701e+00
1.304978e+01	3.248910e+00
1.305270e+01	2.148940e+00
1.305569e+01	1.299607e+00
1.305876e+01	6.794953e-01
1.306190e+01	2.688301e-01
1.306511e+01	4.935646e-02
1.306832e+01	8.062510e-05
1.307159e+01	2.107590e-03
1.307483e+01	6.830854e-03
1.307802e+01	1.420478e-02
1.308117e+01	2.417876e-02
1.308427e+01	3.669690e-02
1.308734e+01	5.169777e-02
1.309036e+01	6.911406e-02
1.309334e+01	8.887227e-02
1.309629e+01	1.108924e-01
1.309919e+01	1.350877e-01
1.310206e+01	1.613642e-01
1.310489e+01	1.896205e-01
1.310768e+01	2.197476e-01
1.311043e+01	2.516283e-01
1.311315e+01	2.851373e-01
1.311583e+01	3.201408e-01
1.311848e+01	3.564962e-01
1.312110e+01	3.940523e-01
1.312368e+01	4.326489e-01
1.312623e+01	4.720919e-01
1.312875e+01	5.122270e-01
1.313124e+01	5.528693e-01
1.313370e+01	5.938252e-01
1.313614e+01	6.348935e-01
1.313854e+01	6.758662e-01
1.314092e+01	7.165290e-01
1.314328e+01	7.566623e-01
1.314561e+01	7.960426e-01
1.314792e+01	8.344436e-01
1.315021e+01	8.716378e-01
1.315247e+01	9.073983e-01
1.315472e+01	9.415006e-01
1.315696e+01	9.737246e-01
1.315917e+01	1.003857e+00
1.316137e+01	1.031694e+00
1.316356e+01	1.057041e+00
1.316574e+01	1.079719e+00
1.316791e+01	1.099565e+00
1.317007e+01	1.116433e+00
1.317222e+01	1.130198e+00
1.317436e+01	1.140754e+00
1.317650e+01	1.148024e+00
1.317864e+01	1.151949e+00
1.318078e+01	1.152429e+00
1.318292e+01	1.149407e+00
1.318506e+01	1.143030e+00
1.318721e+01	1.133348e+00
1.318936e+01	1.120435e+00
1.319151e+01	1.104389e+00
1.319368e+01	1.085328e+00
1.319585e+01	1.063394e+00
1.319804e+01	1.038746e+00
1.320024e+01	1.011559e+00
1.320245e+01	9.820229e-01
1.320468e+01	9.503394e-01
1.320692e+01	9.167197e-01
1.320919e+01	8.813822e-01
1.321147e+01	8.445504e-01
1.321377e+01	8.064509e-01
1.321610e+01	7.673110e-01
1.321845e+01	7.273577e-01
1.322082e+01	6.868152e-01
1.322322e+01	6.459044e-01
1.322565e+01	6.048410e-01
1.322810e+01	5.638349e-01
1.323058e+01	5.230892e-01
1.323310e+01	4.827994e-01
1.323564e+01	4.431533e-01
1.323821e+01	4.043122e-01
1.324082e+01	3.664608e-01
1.324346e+01	3.297681e-01
1.324614e+01	2.943876e-01
1.324885e+01	2.604641e-01
1.325159e+01	2.281339e-01
1.325437e+01	1.975245e-01
1.325719e+01	1.687552e-01
1.326005e+01	1.419373e-01
1.326294e+01	1.171741e-01
1.326588e+01	9.456156e-02
1.326885e+01	7.418837e-02
1.327187e+01	5.613628e-02
1.327492e+01	4.048052e-02
1.327802e+01	2.729001e-02
1.328115e+01	1.662774e-02
1.328433e+01	8.551055e-03
1.328756e+01	3.111957e-03
1.329082e+01	3.573857e-04
