phi12 = 0°, theta1 = theta2 = 35.5°, Elab = 13 MeV, ed = -2.125. Compare to Trotter
4.633257e+00	0.0
0.000000e+00	2.028727e-05
3.286021e-03	6.240635e-02
6.516723e-03	2.504248e-01
9.692191e-03	5.723220e-01
1.281252e-02	1.036904e+00
1.587783e-02	1.653579e+00
1.888823e-02	2.432398e+00
2.184386e-02	3.384106e+00
2.474488e-02	4.520189e+00
2.759147e-02	5.852926e+00
3.038379e-02	7.395446e+00
3.312208e-02	9.161784e+00
3.580655e-02	1.116694e+01
3.843745e-02	1.342695e+01
4.101507e-02	1.595891e+01
4.353970e-02	1.878111e+01
4.601166e-02	2.191301e+01
4.843133e-02	2.537535e+01
5.079908e-02	2.919017e+01
5.311535e-02	3.338086e+01
5.538061e-02	3.797219e+01
5.759534e-02	4.299029e+01
5.976012e-02	4.846264e+01
6.187552e-02	5.441801e+01
6.394221e-02	6.088635e+01
6.596089e-02	6.789864e+01
6.793232e-02	7.548661e+01
6.985735e-02	8.368250e+01
7.173687e-02	9.251856e+01
7.357187e-02	1.020265e+02
7.536340e-02	1.122368e+02
7.711264e-02	1.231779e+02
7.882082e-02	1.348749e+02
8.048929e-02	1.473488e+02
8.211953e-02	1.606145e+02
8.371310e-02	1.746792e+02
8.527170e-02	1.895410e+02
8.679715e-02	2.051866e+02
8.829143e-02	2.215893e+02
8.975660e-02	2.387076e+02
9.119491e-02	2.564832e+02
9.260873e-02	2.748401e+02
9.400054e-02	2.936845e+02
9.537299e-02	3.129049e+02
9.672883e-02	3.323738e+02
9.807093e-02	3.519509e+02
9.940224e-02	3.714860e+02
1.007258e-01	3.908248e+02
1.020448e-01	4.098140e+02
1.033623e-01	4.283068e+02
1.046815e-01	4.461689e+02
1.060056e-01	4.632834e+02
1.073377e-01	4.795540e+02
1.086809e-01	4.949084e+02
1.100383e-01	5.092981e+02
1.114127e-01	5.226988e+02
1.128071e-01	5.351083e+02
1.142241e-01	5.465439e+02
1.156664e-01	5.570392e+02
1.171364e-01	5.666405e+02
1.186365e-01	5.754036e+02
1.201688e-01	5.833902e+02
1.217356e-01	5.906656e+02
1.233387e-01	5.972957e+02
1.249799e-01	6.033456e+02
1.266610e-01	6.088780e+02
1.283836e-01	6.139523e+02
1.301491e-01	6.186236e+02
1.319590e-01	6.229429e+02
1.338145e-01	6.269563e+02
1.357168e-01	6.307056e+02
1.376670e-01	6.342282e+02
1.396662e-01	6.375574e+02
1.417153e-01	6.407225e+02
1.438153e-01	6.437500e+02
1.459669e-01	6.466624e+02
1.481710e-01	6.494795e+02
1.504282e-01	6.522185e+02
1.527394e-01	6.548932e+02
1.551050e-01	6.575164e+02
1.575256e-01	6.600989e+02
1.600019e-01	6.626501e+02
1.625344e-01	6.651779e+02
1.651234e-01	6.676889e+02
1.677696e-01	6.701888e+02
1.704733e-01	6.726823e+02
1.732349e-01	6.751733e+02
1.760547e-01	6.776648e+02
1.789332e-01	6.801595e+02
1.818707e-01	6.826593e+02
1.848674e-01	6.851658e+02
1.879237e-01	6.876801e+02
1.910398e-01	6.902031e+02
1.942161e-01	6.927352e+02
1.974527e-01	6.952767e+02
2.007498e-01	6.978283e+02
2.041078e-01	7.003906e+02
2.075267e-01	7.029632e+02
2.110068e-01	7.055457e+02
2.145483e-01	7.081374e+02
2.181513e-01	7.107378e+02
2.218160e-01	7.133461e+02
2.255426e-01	7.159614e+02
2.293312e-01	7.185829e+02
2.331818e-01	7.212098e+02
2.370948e-01	7.238409e+02
2.410701e-01	7.264754e+02
2.451079e-01	7.291123e+02
2.492082e-01	7.317505e+02
2.533713e-01	7.343891e+02
2.575972e-01	7.370270e+02
2.618859e-01	7.396632e+02
2.662375e-01	7.422967e+02
2.706522e-01	7.449264e+02
2.751300e-01	7.475514e+02
2.796709e-01	7.501706e+02
2.842750e-01	7.527830e+02
2.889424e-01	7.553877e+02
2.936732e-01	7.579836e+02
2.984673e-01	7.605699e+02
3.033248e-01	7.631456e+02
3.082458e-01	7.657097e+02
3.132303e-01	7.682614e+02
3.182783e-01	7.707996e+02
3.233898e-01	7.733236e+02
3.285649e-01	7.758325e+02
3.338036e-01	7.783254e+02
3.391059e-01	7.808014e+02
3.444719e-01	7.832598e+02
3.499015e-01	7.856997e+02
3.553947e-01	7.881203e+02
3.609516e-01	7.905209e+02
3.665721e-01	7.929007e+02
3.722563e-01	7.952590e+02
3.780042e-01	7.975950e+02
3.838157e-01	7.999079e+02
3.896908e-01	8.021972e+02
3.956296e-01	8.044620e+02
4.016320e-01	8.067021e+02
4.076979e-01	8.089262e+02
4.138275e-01	8.111220e+02
4.200206e-01	8.132889e+02
4.262773e-01	8.154262e+02
4.325975e-01	8.175333e+02
4.389811e-01	8.196097e+02
4.454282e-01	8.216547e+02
4.519388e-01	8.236679e+02
4.585127e-01	8.256486e+02
4.651500e-01	8.275964e+02
4.718506e-01	8.295108e+02
4.786145e-01	8.313913e+02
4.854417e-01	8.332375e+02
4.923320e-01	8.350488e+02
4.992854e-01	8.368249e+02
5.063020e-01	8.385653e+02
5.133816e-01	8.402697e+02
5.203574e-01	8.418992e+02
5.275615e-01	8.435312e+02
5.348285e-01	8.451261e+02
5.421583e-01	8.466835e+02
5.495509e-01	8.482032e+02
5.570063e-01	8.496847e+02
5.645242e-01	8.511279e+02
5.721048e-01	8.525326e+02
5.797479e-01	8.538984e+02
5.874534e-01	8.552251e+02
5.952213e-01	8.565125e+02
6.030516e-01	8.577604e+02
6.109441e-01	8.589686e+02
6.188987e-01	8.601356e+02
6.269155e-01	8.612601e+02
6.349942e-01	8.623418e+02
6.431349e-01	8.633808e+02
6.513375e-01	8.643767e+02
6.596018e-01	8.653297e+02
6.679279e-01	8.662396e+02
6.763155e-01	8.671064e+02
6.847647e-01	8.679300e+02
6.932752e-01	8.687105e+02
7.018472e-01	8.694478e+02
7.104803e-01	8.701419e+02
7.191747e-01	8.707928e+02
7.279300e-01	8.714007e+02
7.367464e-01	8.719656e+02
7.456236e-01	8.724875e+02
7.545616e-01	8.729665e+02
7.635603e-01	8.734027e+02
7.726195e-01	8.737964e+02
7.817392e-01	8.741475e+02
7.909192e-01	8.744562e+02
8.001595e-01	8.747228e+02
8.094600e-01	8.749473e+02
8.188204e-01	8.751300e+02
8.282408e-01	8.752711e+02
8.377210e-01	8.753709e+02
8.472610e-01	8.754294e+02
8.568604e-01	8.754471e+02
8.665194e-01	8.754241e+02
8.762377e-01	8.753608e+02
8.860153e-01	8.752574e+02
8.958519e-01	8.751143e+02
9.057476e-01	8.749317e+02
9.157021e-01	8.747101e+02
9.257153e-01	8.744497e+02
9.357872e-01	8.741509e+02
9.459175e-01	8.738142e+02
9.561063e-01	8.734398e+02
9.663532e-01	8.730282e+02
9.766583e-01	8.725799e+02
9.870213e-01	8.720952e+02
9.974421e-01	8.715880e+02
1.007921e+00	8.710507e+02
1.018457e+00	8.704812e+02
1.029050e+00	8.698797e+02
1.039701e+00	8.692469e+02
1.050409e+00	8.685832e+02
1.061174e+00	8.678891e+02
1.071996e+00	8.671654e+02
1.082874e+00	8.664124e+02
1.093809e+00	8.656307e+02
1.104801e+00	8.648210e+02
1.115849e+00	8.639838e+02
1.126953e+00	8.631197e+02
1.138113e+00	8.622293e+02
1.149328e+00	8.613132e+02
1.160600e+00	8.603720e+02
1.171927e+00	8.594064e+02
1.183309e+00	8.584170e+02
1.194746e+00	8.574034e+02
1.206239e+00	8.563636e+02
1.217786e+00	8.552985e+02
1.229389e+00	8.542086e+02
1.241045e+00	8.530949e+02
1.252756e+00	8.519580e+02
1.264522e+00	8.507989e+02
1.276341e+00	8.496183e+02
1.288214e+00	8.484171e+02
1.300142e+00	8.471963e+02
1.312122e+00	8.459566e+02
1.324156e+00	8.446990e+02
1.336243e+00	8.434244e+02
1.348384e+00	8.421338e+02
1.360577e+00	8.408282e+02
1.372823e+00	8.395085e+02
1.385121e+00	8.381759e+02
1.397472e+00	8.368313e+02
1.409875e+00	8.354759e+02
1.422330e+00	8.341107e+02
1.434837e+00	8.327369e+02
1.447395e+00	8.313556e+02
1.460005e+00	8.299679e+02
1.472666e+00	8.285751e+02
1.485379e+00	8.271784e+02
1.498142e+00	8.257790e+02
1.510956e+00	8.243783e+02
1.523820e+00	8.229774e+02
1.536735e+00	8.215778e+02
1.549700e+00	8.201808e+02
1.562715e+00	8.187878e+02
1.575779e+00	8.174003e+02
1.588893e+00	8.160195e+02
1.602057e+00	8.146472e+02
1.615270e+00	8.132847e+02
1.628531e+00	8.119335e+02
1.641842e+00	8.105953e+02
1.655201e+00	8.092717e+02
1.668608e+00	8.079639e+02
1.682064e+00	8.066703e+02
1.695567e+00	8.053923e+02
1.709119e+00	8.041317e+02
1.722718e+00	8.028903e+02
1.736364e+00	8.016702e+02
1.750058e+00	8.004732e+02
1.763798e+00	7.993013e+02
1.777585e+00	7.981564e+02
1.791419e+00	7.970402e+02
1.805299e+00	7.959549e+02
1.819225e+00	7.949030e+02
1.833197e+00	7.938869e+02
1.847215e+00	7.929089e+02
1.861278e+00	7.919716e+02
1.875386e+00	7.910775e+02
1.889540e+00	7.902290e+02
1.903738e+00	7.894288e+02
1.917981e+00	7.886792e+02
1.932268e+00	7.879830e+02
1.946600e+00	7.873427e+02
1.960975e+00	7.867608e+02
1.975394e+00	7.862400e+02
1.989857e+00	7.857829e+02
2.004363e+00	7.853922e+02
2.018912e+00	7.850692e+02
2.033504e+00	7.848141e+02
2.048138e+00	7.846297e+02
2.062815e+00	7.845190e+02
2.077534e+00	7.844849e+02
2.092294e+00	7.845306e+02
2.107097e+00	7.846590e+02
2.121941e+00	7.848731e+02
2.136826e+00	7.851757e+02
2.151752e+00	7.855698e+02
2.166719e+00	7.860582e+02
2.181726e+00	7.866439e+02
2.196774e+00	7.873294e+02
2.211862e+00	7.881177e+02
2.226989e+00	7.890114e+02
2.242156e+00	7.900132e+02
2.257362e+00	7.911246e+02
2.272608e+00	7.923464e+02
2.287892e+00	7.936812e+02
2.303215e+00	7.951319e+02
2.318576e+00	7.967009e+02
2.333976e+00	7.983909e+02
2.349413e+00	8.002043e+02
2.364888e+00	8.021434e+02
2.380400e+00	8.042105e+02
2.395949e+00	8.064077e+02
2.411536e+00	8.087361e+02
2.427159e+00	8.111970e+02
2.442818e+00	8.137927e+02
2.458513e+00	8.165249e+02
2.474245e+00	8.193957e+02
2.490012e+00	8.224062e+02
2.505814e+00	8.255580e+02
2.521651e+00	8.288526e+02
2.537524e+00	8.322916e+02
2.553431e+00	8.358764e+02
2.569372e+00	8.396081e+02
2.585347e+00	8.434881e+02
2.601357e+00	8.475173e+02
2.617399e+00	8.516966e+02
2.633476e+00	8.560268e+02
2.649585e+00	8.605084e+02
2.665727e+00	8.651421e+02
2.681902e+00	8.699280e+02
2.698109e+00	8.748666e+02
2.714348e+00	8.799577e+02
2.730618e+00	8.852014e+02
2.746921e+00	8.905974e+02
2.763254e+00	8.961453e+02
2.779618e+00	9.018446e+02
2.796014e+00	9.076945e+02
2.812439e+00	9.136944e+02
2.828895e+00	9.198431e+02
2.845381e+00	9.261394e+02
2.861896e+00	9.325822e+02
2.878441e+00	9.391698e+02
2.895015e+00	9.459007e+02
2.911617e+00	9.527730e+02
2.928249e+00	9.597847e+02
2.944908e+00	9.669338e+02
2.961596e+00	9.742180e+02
2.978311e+00	9.816347e+02
2.995054e+00	9.891813e+02
3.011824e+00	9.968551e+02
3.028621e+00	1.004653e+03
3.045444e+00	1.012572e+03
3.062294e+00	1.020609e+03
3.079170e+00	1.028760e+03
3.096072e+00	1.037022e+03
3.112999e+00	1.045391e+03
3.129952e+00	1.053863e+03
3.146930e+00	1.062433e+03
3.163932e+00	1.071100e+03
3.180959e+00	1.079860e+03
3.198010e+00	1.088707e+03
3.215085e+00	1.097637e+03
3.232183e+00	1.106646e+03
3.249305e+00	1.115730e+03
3.266450e+00	1.124882e+03
3.283618e+00	1.134099e+03
3.300808e+00	1.143374e+03
3.318020e+00	1.152703e+03
3.335254e+00	1.162081e+03
3.352510e+00	1.171501e+03
3.369787e+00	1.180959e+03
3.387085e+00	1.190448e+03
3.404404e+00	1.199963e+03
3.421743e+00	1.209498e+03
3.439103e+00	1.219047e+03
3.456482e+00	1.228603e+03
3.473881e+00	1.238162e+03
3.491299e+00	1.247715e+03
3.508737e+00	1.257258e+03
3.526193e+00	1.266789e+03
3.543667e+00	1.276301e+03
3.561160e+00	1.285789e+03
3.578671e+00	1.295246e+03
3.596199e+00	1.304665e+03
3.613745e+00	1.314041e+03
3.631307e+00	1.323367e+03
3.648887e+00	1.332637e+03
3.666482e+00	1.341845e+03
3.684094e+00	1.350986e+03
3.701722e+00	1.360058e+03
3.719365e+00	1.369056e+03
3.737023e+00	1.377975e+03
3.754697e+00	1.386807e+03
3.772385e+00	1.395549e+03
3.790087e+00	1.404199e+03
3.807804e+00	1.412752e+03
3.825534e+00	1.421205e+03
3.843278e+00	1.429554e+03
3.861035e+00	1.437794e+03
3.878805e+00	1.445920e+03
3.896587e+00	1.453928e+03
3.914382e+00	1.461812e+03
3.932189e+00	1.469569e+03
3.950008e+00	1.477192e+03
3.967837e+00	1.484679e+03
3.985679e+00	1.492023e+03
4.003530e+00	1.499222e+03
4.021393e+00	1.506270e+03
4.039265e+00	1.513164e+03
4.057148e+00	1.519899e+03
4.075040e+00	1.526471e+03
4.092942e+00	1.532876e+03
4.110852e+00	1.539110e+03
4.128772e+00	1.545123e+03
4.146699e+00	1.550932e+03
4.164635e+00	1.556567e+03
4.182579e+00	1.562022e+03
4.200530e+00	1.567296e+03
4.218488e+00	1.572385e+03
4.236454e+00	1.577286e+03
4.254426e+00	1.581996e+03
4.272404e+00	1.586512e+03
4.290389e+00	1.590832e+03
4.308379e+00	1.594953e+03
4.326374e+00	1.598873e+03
4.344375e+00	1.602589e+03
4.362380e+00	1.606099e+03
4.380390e+00	1.609401e+03
4.398405e+00	1.612493e+03
4.416423e+00	1.615374e+03
4.434445e+00	1.618040e+03
4.452470e+00	1.620492e+03
4.470498e+00	1.622727e+03
4.488529e+00	1.624744e+03
4.506562e+00	1.626542e+03
4.524598e+00	1.628120e+03
4.542635e+00	1.629476e+03
4.560674e+00	1.630611e+03
4.578714e+00	1.631523e+03
4.596755e+00	1.632212e+03
4.614796e+00	1.632678e+03
4.632838e+00	1.632919e+03
4.650880e+00	1.632694e+03
4.668921e+00	1.632239e+03
4.686962e+00	1.631560e+03
4.705002e+00	1.630658e+03
4.723041e+00	1.629534e+03
4.741078e+00	1.628188e+03
4.759114e+00	1.626620e+03
4.777147e+00	1.624833e+03
4.795178e+00	1.622826e+03
4.813206e+00	1.620601e+03
4.831232e+00	1.618159e+03
4.849254e+00	1.615502e+03
4.867272e+00	1.612632e+03
4.885286e+00	1.609550e+03
4.903297e+00	1.606257e+03
4.921302e+00	1.602757e+03
4.939303e+00	1.599050e+03
4.957299e+00	1.595140e+03
4.975289e+00	1.591028e+03
4.993274e+00	1.586717e+03
5.011252e+00	1.582210e+03
5.029225e+00	1.577509e+03
5.047190e+00	1.572617e+03
5.065149e+00	1.567537e+03
5.083100e+00	1.562271e+03
5.101044e+00	1.556824e+03
5.118981e+00	1.551198e+03
5.136909e+00	1.545397e+03
5.154828e+00	1.539396e+03
5.172739e+00	1.533170e+03
5.190641e+00	1.526772e+03
5.208534e+00	1.520208e+03
5.226417e+00	1.513481e+03
5.244290e+00	1.506594e+03
5.262152e+00	1.499553e+03
5.280005e+00	1.492362e+03
5.297846e+00	1.485023e+03
5.315677e+00	1.477543e+03
5.333495e+00	1.469926e+03
5.351303e+00	1.462176e+03
5.369098e+00	1.454297e+03
5.386881e+00	1.446295e+03
5.404651e+00	1.438174e+03
5.422409e+00	1.429939e+03
5.440153e+00	1.421595e+03
5.457884e+00	1.413147e+03
5.475601e+00	1.404599e+03
5.493304e+00	1.395953e+03
5.510993e+00	1.387216e+03
5.528667e+00	1.378387e+03
5.546326e+00	1.369473e+03
5.563970e+00	1.360478e+03
5.581598e+00	1.351409e+03
5.599210e+00	1.342271e+03
5.616807e+00	1.333067e+03
5.634387e+00	1.323800e+03
5.651950e+00	1.314476e+03
5.669496e+00	1.305102e+03
5.687025e+00	1.295684e+03
5.704536e+00	1.286229e+03
5.722030e+00	1.276743e+03
5.739505e+00	1.267232e+03
5.756962e+00	1.257702e+03
5.774400e+00	1.248159e+03
5.791819e+00	1.238606e+03
5.809219e+00	1.229048e+03
5.826599e+00	1.219491e+03
5.843960e+00	1.209942e+03
5.861300e+00	1.200406e+03
5.878619e+00	1.190890e+03
5.895918e+00	1.181399e+03
5.913196e+00	1.171940e+03
5.930453e+00	1.162518e+03
5.947688e+00	1.153139e+03
5.964901e+00	1.143807e+03
5.982092e+00	1.134529e+03
5.999260e+00	1.125309e+03
6.016406e+00	1.116154e+03
6.033529e+00	1.107067e+03
6.050628e+00	1.098054e+03
6.067704e+00	1.089120e+03
6.084756e+00	1.080269e+03
6.101783e+00	1.071506e+03
6.118787e+00	1.062834e+03
6.135765e+00	1.054259e+03
6.152719e+00	1.045783e+03
6.169648e+00	1.037409e+03
6.186550e+00	1.029142e+03
6.203427e+00	1.020986e+03
6.220278e+00	1.012943e+03
6.237103e+00	1.005019e+03
6.253901e+00	9.972151e+02
6.270672e+00	9.895355e+02
6.287416e+00	9.819828e+02
6.304132e+00	9.745600e+02
6.320821e+00	9.672697e+02
6.337481e+00	9.601142e+02
6.354114e+00	9.530960e+02
6.370718e+00	9.462172e+02
6.387293e+00	9.394797e+02
6.403838e+00	9.328854e+02
6.420355e+00	9.264359e+02
6.436842e+00	9.201327e+02
6.453299e+00	9.139771e+02
6.469726e+00	9.079703e+02
6.486122e+00	9.021133e+02
6.502488e+00	8.964070e+02
6.518822e+00	8.908521e+02
6.535126e+00	8.854490e+02
6.551398e+00	8.801982e+02
6.567638e+00	8.751000e+02
6.583846e+00	8.701544e+02
6.600022e+00	8.653613e+02
6.616165e+00	8.607206e+02
6.632276e+00	8.562318e+02
6.648353e+00	8.518947e+02
6.664398e+00	8.477084e+02
6.680408e+00	8.436722e+02
6.696385e+00	8.397853e+02
6.712328e+00	8.360467e+02
6.728236e+00	8.324551e+02
6.744110e+00	8.290094e+02
6.759948e+00	8.257081e+02
6.775752e+00	8.225497e+02
6.791520e+00	8.195326e+02
6.807253e+00	8.166554e+02
6.822950e+00	8.139167e+02
6.838611e+00	8.113148e+02
6.854235e+00	8.088476e+02
6.869823e+00	8.065131e+02
6.885374e+00	8.043098e+02
6.900887e+00	8.022367e+02
6.916364e+00	8.002917e+02
6.931802e+00	7.984725e+02
6.947203e+00	7.967769e+02
6.962566e+00	7.952022e+02
6.977890e+00	7.937461e+02
6.993176e+00	7.924059e+02
7.008423e+00	7.911789e+02
7.023631e+00	7.900625e+02
7.038800e+00	7.890556e+02
7.053929e+00	7.881569e+02
7.069018e+00	7.873638e+02
7.084067e+00	7.866735e+02
7.099076e+00	7.860833e+02
7.114045e+00	7.855904e+02
7.128972e+00	7.851920e+02
7.143859e+00	7.848852e+02
7.158705e+00	7.846671e+02
7.173509e+00	7.845348e+02
7.188271e+00	7.844853e+02
7.202992e+00	7.845156e+02
7.217670e+00	7.846229e+02
7.232306e+00	7.848040e+02
7.246899e+00	7.850558e+02
7.261450e+00	7.853756e+02
7.275958e+00	7.857633e+02
7.290422e+00	7.862173e+02
7.304843e+00	7.867352e+02
7.319220e+00	7.873143e+02
7.333553e+00	7.879520e+02
7.347842e+00	7.886456e+02
7.362087e+00	7.893927e+02
7.376287e+00	7.901907e+02
7.390442e+00	7.910370e+02
7.404552e+00	7.919291e+02
7.418617e+00	7.928644e+02
7.432637e+00	7.938405e+02
7.446611e+00	7.948549e+02
7.460539e+00	7.959053e+02
7.474420e+00	7.969890e+02
7.488256e+00	7.981038e+02
7.502045e+00	7.992474e+02
7.515787e+00	8.004181e+02
7.529482e+00	8.016140e+02
7.543131e+00	8.028331e+02
7.556731e+00	8.040735e+02
7.570285e+00	8.053333e+02
7.583790e+00	8.066105e+02
7.597248e+00	8.079034e+02
7.610657e+00	8.092106e+02
7.624018e+00	8.105334e+02
7.637330e+00	8.118710e+02
7.650594e+00	8.132215e+02
7.663808e+00	8.145836e+02
7.676974e+00	8.159555e+02
7.690090e+00	8.173359e+02
7.703157e+00	8.187232e+02
7.716173e+00	8.201159e+02
7.729140e+00	8.215128e+02
7.742057e+00	8.229123e+02
7.754923e+00	8.243131e+02
7.767739e+00	8.257139e+02
7.780504e+00	8.271134e+02
7.793219e+00	8.285102e+02
7.805882e+00	8.299032e+02
7.818494e+00	8.312912e+02
7.831054e+00	8.326728e+02
7.843563e+00	8.340470e+02
7.856020e+00	8.354126e+02
7.868425e+00	8.367685e+02
7.880778e+00	8.381136e+02
7.893078e+00	8.394468e+02
7.905326e+00	8.407671e+02
7.917522e+00	8.420734e+02
7.929664e+00	8.433647e+02
7.941753e+00	8.446400e+02
7.953790e+00	8.458985e+02
7.965772e+00	8.471390e+02
7.977701e+00	8.483608e+02
7.989577e+00	8.495629e+02
8.001398e+00	8.507444e+02
8.013166e+00	8.519046e+02
8.024879e+00	8.530425e+02
8.036538e+00	8.541573e+02
8.048142e+00	8.552483e+02
8.059692e+00	8.563147e+02
8.071187e+00	8.573556e+02
8.082626e+00	8.583704e+02
8.094011e+00	8.593609e+02
8.105340e+00	8.603277e+02
8.116613e+00	8.612700e+02
8.127831e+00	8.621873e+02
8.138993e+00	8.630789e+02
8.150099e+00	8.639442e+02
8.161149e+00	8.647827e+02
8.172143e+00	8.655937e+02
8.183080e+00	8.663766e+02
8.193961e+00	8.671310e+02
8.204785e+00	8.678561e+02
8.215552e+00	8.685516e+02
8.226263e+00	8.692167e+02
8.236916e+00	8.698510e+02
8.247512e+00	8.704539e+02
8.258050e+00	8.710249e+02
8.268531e+00	8.715637e+02
8.278954e+00	8.720718e+02
8.289319e+00	8.725582e+02
8.299626e+00	8.730082e+02
8.309876e+00	8.734215e+02
8.320067e+00	8.737976e+02
8.330199e+00	8.741361e+02
8.340273e+00	8.744366e+02
8.350289e+00	8.746988e+02
8.360246e+00	8.749223e+02
8.370144e+00	8.751067e+02
8.379983e+00	8.752516e+02
8.389763e+00	8.753569e+02
8.399483e+00	8.754221e+02
8.409145e+00	8.754469e+02
8.418746e+00	8.754312e+02
8.428289e+00	8.753745e+02
8.437771e+00	8.752767e+02
8.447194e+00	8.751375e+02
8.456557e+00	8.749567e+02
8.465860e+00	8.747341e+02
8.475102e+00	8.744695e+02
8.484285e+00	8.741628e+02
8.493407e+00	8.738136e+02
8.502468e+00	8.734220e+02
8.511469e+00	8.729877e+02
8.520410e+00	8.725107e+02
8.529289e+00	8.719908e+02
8.538108e+00	8.714279e+02
8.546866e+00	8.708221e+02
8.555563e+00	8.701731e+02
8.564198e+00	8.694810e+02
8.572773e+00	8.687457e+02
8.581286e+00	8.679673e+02
8.589737e+00	8.671457e+02
8.598127e+00	8.662809e+02
8.606456e+00	8.653730e+02
8.614722e+00	8.644220e+02
8.622927e+00	8.634280e+02
8.631070e+00	8.623911e+02
8.639152e+00	8.613114e+02
8.647171e+00	8.601889e+02
8.655128e+00	8.590238e+02
8.663023e+00	8.578175e+02
8.670856e+00	8.565714e+02
8.678626e+00	8.552858e+02
8.686334e+00	8.539609e+02
8.693979e+00	8.525970e+02
8.701562e+00	8.511941e+02
8.709083e+00	8.497527e+02
8.716541e+00	8.482729e+02
8.723936e+00	8.467550e+02
8.731268e+00	8.451994e+02
8.738538e+00	8.436062e+02
8.745744e+00	8.419760e+02
8.752888e+00	8.403089e+02
8.759968e+00	8.386053e+02
8.766986e+00	8.368658e+02
8.773940e+00	8.350905e+02
8.780832e+00	8.332800e+02
8.787660e+00	8.314347e+02
8.794425e+00	8.295550e+02
8.801126e+00	8.276414e+02
8.807765e+00	8.256943e+02
8.814340e+00	8.237143e+02
8.820851e+00	8.217019e+02
8.827299e+00	8.196576e+02
8.833684e+00	8.175820e+02
8.840005e+00	8.154755e+02
8.846263e+00	8.133389e+02
8.852457e+00	8.111728e+02
8.858587e+00	8.089776e+02
8.864654e+00	8.067541e+02
8.870658e+00	8.045144e+02
8.876598e+00	8.022501e+02
8.882474e+00	7.999615e+02
8.888286e+00	7.976490e+02
8.894035e+00	7.953136e+02
8.899720e+00	7.929558e+02
8.905342e+00	7.905765e+02
8.910900e+00	7.881764e+02
8.916394e+00	7.857562e+02
8.921825e+00	7.833167e+02
8.927192e+00	7.808588e+02
8.932495e+00	7.783831e+02
8.937735e+00	7.758906e+02
8.942911e+00	7.733821e+02
8.948023e+00	7.708585e+02
8.953072e+00	7.683205e+02
8.958058e+00	7.657692e+02
8.962980e+00	7.632054e+02
8.967838e+00	7.606300e+02
8.972633e+00	7.580439e+02
8.977365e+00	7.554481e+02
8.982033e+00	7.528437e+02
8.986638e+00	7.502314e+02
8.991180e+00	7.476124e+02
8.995659e+00	7.449875e+02
9.000075e+00	7.423579e+02
9.004427e+00	7.397245e+02
9.008717e+00	7.370884e+02
9.012944e+00	7.344505e+02
9.017108e+00	7.318119e+02
9.021209e+00	7.291736e+02
9.025248e+00	7.265367e+02
9.029224e+00	7.239021e+02
9.033138e+00	7.212709e+02
9.036990e+00	7.186440e+02
9.040779e+00	7.160223e+02
9.044507e+00	7.134068e+02
9.048172e+00	7.107984e+02
9.051776e+00	7.081978e+02
9.055319e+00	7.056058e+02
9.058800e+00	7.030231e+02
9.062220e+00	7.004503e+02
9.065578e+00	6.978878e+02
9.068876e+00	6.953359e+02
9.072114e+00	6.927942e+02
9.075291e+00	6.902619e+02
9.078408e+00	6.877387e+02
9.081465e+00	6.852242e+02
9.084463e+00	6.827175e+02
9.087401e+00	6.802176e+02
9.090280e+00	6.777228e+02
9.093101e+00	6.752312e+02
9.095863e+00	6.727403e+02
9.098568e+00	6.702468e+02
9.101215e+00	6.677471e+02
9.103805e+00	6.652364e+02
9.106338e+00	6.627091e+02
9.108815e+00	6.601586e+02
9.111236e+00	6.575769e+02
9.113603e+00	6.549548e+02
9.115914e+00	6.522813e+02
9.118172e+00	6.495440e+02
9.120377e+00	6.467289e+02
9.122529e+00	6.438189e+02
9.124630e+00	6.407944e+02
9.126680e+00	6.376327e+02
9.128679e+00	6.343077e+02
9.130630e+00	6.307900e+02
9.132533e+00	6.270463e+02
9.134389e+00	6.230395e+02
9.136199e+00	6.187279e+02
9.137965e+00	6.140653e+02
9.139688e+00	6.090010e+02
9.141369e+00	6.034799e+02
9.143011e+00	5.974427e+02
9.144614e+00	5.908268e+02
9.146181e+00	5.835672e+02
9.147714e+00	5.755979e+02
9.149214e+00	5.668536e+02
9.150684e+00	5.572724e+02
9.152126e+00	5.467985e+02
9.153543e+00	5.353852e+02
9.154938e+00	5.229986e+02
9.156312e+00	5.096210e+02
9.157669e+00	4.952541e+02
9.159012e+00	4.799218e+02
9.160344e+00	4.636717e+02
9.161667e+00	4.465758e+02
9.162986e+00	4.287298e+02
9.164303e+00	4.102502e+02
9.165621e+00	3.912710e+02
9.166944e+00	3.719386e+02
9.168275e+00	3.524062e+02
9.169616e+00	3.328285e+02
9.170971e+00	3.133553e+02
9.172343e+00	2.941277e+02
9.173734e+00	2.752733e+02
9.175147e+00	2.569038e+02
9.176584e+00	2.391138e+02
9.178048e+00	2.219795e+02
9.179541e+00	2.055596e+02
9.181066e+00	1.898960e+02
9.182623e+00	1.750158e+02
9.184216e+00	1.609325e+02
9.185845e+00	1.476483e+02
9.187512e+00	1.351561e+02
9.189219e+00	1.234412e+02
9.190967e+00	1.124828e+02
9.192758e+00	1.022558e+02
9.194591e+00	9.273192e+01
9.196470e+00	8.388060e+01
9.198393e+00	7.567019e+01
9.200364e+00	6.806844e+01
9.202381e+00	6.104313e+01
9.204446e+00	5.456250e+01
9.206560e+00	4.859554e+01
9.208724e+00	4.311229e+01
9.210937e+00	3.808394e+01
9.213201e+00	3.348299e+01
9.215516e+00	2.928326e+01
9.217883e+00	2.545997e+01
9.220301e+00	2.198969e+01
9.222772e+00	1.885035e+01
9.225295e+00	1.602118e+01
9.227871e+00	1.348267e+01
9.230501e+00	1.121654e+01
9.233184e+00	9.205643e+00
9.235921e+00	7.433926e+00
9.238712e+00	5.886364e+00
9.241557e+00	4.548900e+00
9.244457e+00	3.408387e+00
9.247412e+00	2.452524e+00
9.250421e+00	1.669809e+00
9.253485e+00	1.049480e+00
9.256604e+00	5.814705e-01
9.259778e+00	2.563573e-01
9.263007e+00	6.532109e-02
9.266292e+00	1.030236e-04
9.269514e+00	1.327681e-03
9.272778e+00	5.555451e-03
9.276010e+00	1.268462e-02
9.279207e+00	2.271005e-02
9.282372e+00	3.562263e-02
9.285503e+00	5.140927e-02
9.288602e+00	7.005250e-02
9.291668e+00	9.153024e-02
9.294702e+00	1.158155e-01
9.297703e+00	1.428764e-01
9.300674e+00	1.726759e-01
9.303613e+00	2.051717e-01
9.306521e+00	2.403156e-01
9.309398e+00	2.780538e-01
9.312245e+00	3.183263e-01
9.315061e+00	3.610665e-01
9.317849e+00	4.062010e-01
9.320606e+00	4.536499e-01
9.323335e+00	5.033260e-01
9.326036e+00	5.551348e-01
9.328708e+00	6.089743e-01
9.331353e+00	6.647350e-01
9.333971e+00	7.222994e-01
9.336561e+00	7.815422e-01
9.339126e+00	8.423300e-01
9.341665e+00	9.045212e-01
9.344178e+00	9.679662e-01
9.346667e+00	1.032507e+00
9.349132e+00	1.097978e+00
9.351573e+00	1.164196e+00
9.353991e+00	1.230937e+00
9.356386e+00	1.298063e+00
9.358760e+00	1.365379e+00
9.361112e+00	1.432681e+00
9.363444e+00	1.499762e+00
9.365755e+00	1.566406e+00
9.368048e+00	1.632396e+00
9.370322e+00	1.697506e+00
9.372578e+00	1.761511e+00
9.374817e+00	1.824180e+00
9.377040e+00	1.885283e+00
9.379247e+00	1.944588e+00
9.381440e+00	2.001866e+00
9.383618e+00	2.056888e+00
9.385783e+00	2.109431e+00
9.387936e+00	2.159276e+00
9.390078e+00	2.206212e+00
9.392209e+00	2.250035e+00
9.394330e+00	2.290551e+00
9.396442e+00	2.327580e+00
9.398547e+00	2.360951e+00
9.400644e+00	2.390510e+00
9.402735e+00	2.416120e+00
9.404821e+00	2.437659e+00
9.406903e+00	2.455024e+00
9.408982e+00	2.468131e+00
9.411058e+00	2.476917e+00
9.413133e+00	2.481339e+00
9.415207e+00	2.481173e+00
9.417282e+00	2.476446e+00
9.419359e+00	2.467357e+00
9.421437e+00	2.453950e+00
9.423520e+00	2.436291e+00
9.425606e+00	2.414464e+00
9.427698e+00	2.388575e+00
9.429796e+00	2.358744e+00
9.431901e+00	2.325113e+00
9.434014e+00	2.287836e+00
9.436136e+00	2.247083e+00
9.438268e+00	2.203036e+00
9.440410e+00	2.155891e+00
9.442564e+00	2.105850e+00
9.444731e+00	2.053127e+00
9.446910e+00	1.997940e+00
9.449104e+00	1.940514e+00
9.451313e+00	1.881076e+00
9.453537e+00	1.819856e+00
9.455777e+00	1.757086e+00
9.458035e+00	1.692997e+00
9.460311e+00	1.627818e+00
9.462605e+00	1.561775e+00
9.464919e+00	1.495093e+00
9.467252e+00	1.427990e+00
9.469606e+00	1.360680e+00
9.471982e+00	1.293372e+00
9.474379e+00	1.226266e+00
9.476799e+00	1.159559e+00
9.479242e+00	1.093384e+00
9.481709e+00	1.027972e+00
9.484200e+00	9.635024e-01
9.486716e+00	9.001398e-01
9.489257e+00	8.380417e-01
9.491824e+00	7.773572e-01
9.494417e+00	7.182273e-01
9.497037e+00	6.607847e-01
9.499685e+00	6.051544e-01
9.502360e+00	5.514531e-01
9.505063e+00	4.997899e-01
9.507794e+00	4.502662e-01
9.510555e+00	4.029761e-01
9.513345e+00	3.580060e-01
9.516164e+00	3.154357e-01
9.519014e+00	2.753380e-01
9.521894e+00	2.377788e-01
9.524804e+00	2.028180e-01
9.527746e+00	1.705088e-01
9.530719e+00	1.408991e-01
9.533724e+00	1.140308e-01
9.536761e+00	8.994035e-02
9.539830e+00	6.865955e-02
9.542931e+00	5.021495e-02
9.546066e+00	3.462831e-02
9.549233e+00	2.191678e-02
9.552434e+00	1.209317e-02
9.555668e+00	5.166304e-03
9.558936e+00	1.141052e-03
