phi12 = 0°, theta1 = theta2 = 20.5°, Elab = 13 MeV, ed = -2.125. Compare to Trotter
6.603291e+00	0.000000e+00
0.000000e+00	6.455294e-05
3.045658e-03	1.132442e-01
6.019450e-03	4.566615e-01
8.921659e-03	1.053066e+00
1.175260e-02	1.927125e+00
1.451262e-02	3.105577e+00
1.720212e-02	4.617394e+00
1.982152e-02	6.493949e+00
2.237130e-02	8.769180e+00
2.485199e-02	1.147976e+01
2.726418e-02	1.466524e+01
2.960853e-02	1.836819e+01
3.188574e-02	2.263427e+01
3.409664e-02	2.751227e+01
3.624209e-02	3.305401e+01
3.832308e-02	3.931421e+01
4.034071e-02	4.635005e+01
4.229618e-02	5.422056e+01
4.419083e-02	6.298570e+01
4.602616e-02	7.270879e+01
4.780381e-02	8.346493e+01
4.952562e-02	9.531798e+01
5.119362e-02	1.083245e+02
5.281006e-02	1.225299e+02
5.437741e-02	1.379658e+02
5.589843e-02	1.546433e+02
5.737611e-02	1.725465e+02
5.881377e-02	1.916257e+02
6.021499e-02	2.117903e+02
6.158368e-02	2.329047e+02
6.292405e-02	2.547848e+02
6.424056e-02	2.771995e+02
6.553798e-02	2.998774e+02
6.682128e-02	3.225173e+02
6.809561e-02	3.448052e+02
6.936625e-02	3.664335e+02
7.063854e-02	3.871209e+02
7.191781e-02	4.066306e+02
7.320932e-02	4.247834e+02
7.451820e-02	4.414640e+02
7.584938e-02	4.566213e+02
7.720757e-02	4.702621e+02
7.859721e-02	4.824416e+02
8.002246e-02	4.932514e+02
8.148718e-02	5.028071e+02
8.299496e-02	5.112378e+02
8.454907e-02	5.186778e+02
8.615253e-02	5.252603e+02
8.780807e-02	5.311091e+02
8.951821e-02	5.363375e+02
9.128522e-02	5.410477e+02
9.311117e-02	5.453297e+02
9.499795e-02	5.492621e+02
9.694728e-02	5.529124e+02
9.896070e-02	5.563385e+02
1.010396e-01	5.595892e+02
1.031854e-01	5.627059e+02
1.053991e-01	5.657231e+02
1.076820e-01	5.686698e+02
1.100348e-01	5.715698e+02
1.124587e-01	5.744433e+02
1.149543e-01	5.773107e+02
1.175225e-01	5.801898e+02
1.201640e-01	5.830916e+02
1.228793e-01	5.860246e+02
1.256692e-01	5.889954e+02
1.285341e-01	5.920093e+02
1.314746e-01	5.950705e+02
1.344911e-01	5.981823e+02
1.375841e-01	6.013470e+02
1.407540e-01	6.045666e+02
1.440012e-01	6.078422e+02
1.473260e-01	6.111749e+02
1.507288e-01	6.145652e+02
1.542099e-01	6.180133e+02
1.577695e-01	6.215192e+02
1.614080e-01	6.250830e+02
1.651255e-01	6.287043e+02
1.689224e-01	6.323828e+02
1.727988e-01	6.361180e+02
1.767550e-01	6.399094e+02
1.807912e-01	6.437566e+02
1.849074e-01	6.476519e+02
1.891040e-01	6.515895e+02
1.933811e-01	6.555690e+02
1.977387e-01	6.595897e+02
2.021772e-01	6.636512e+02
2.066965e-01	6.677528e+02
2.112968e-01	6.718941e+02
2.159783e-01	6.760771e+02
2.207411e-01	6.803096e+02
2.255851e-01	6.845907e+02
2.305107e-01	6.889188e+02
2.355177e-01	6.932925e+02
2.406064e-01	6.977099e+02
2.457768e-01	7.021695e+02
2.510290e-01	7.066697e+02
2.563630e-01	7.112089e+02
2.617789e-01	7.157853e+02
2.672768e-01	7.203972e+02
2.728567e-01	7.250431e+02
2.785186e-01	7.297211e+02
2.842627e-01	7.344296e+02
2.900889e-01	7.391668e+02
2.959973e-01	7.439309e+02
3.019879e-01	7.487202e+02
3.080607e-01	7.535329e+02
3.142158e-01	7.583671e+02
3.204532e-01	7.632210e+02
3.267729e-01	7.680928e+02
3.331749e-01	7.729804e+02
3.396593e-01	7.778821e+02
3.462260e-01	7.827958e+02
3.528751e-01	7.877196e+02
3.596065e-01	7.926514e+02
3.664202e-01	7.975894e+02
3.733164e-01	8.025313e+02
3.802948e-01	8.074752e+02
3.873556e-01	8.124189e+02
3.944987e-01	8.173603e+02
4.017242e-01	8.222973e+02
4.090319e-01	8.272277e+02
4.164219e-01	8.321493e+02
4.238942e-01	8.370598e+02
4.314486e-01	8.419570e+02
4.390853e-01	8.468387e+02
4.468042e-01	8.517052e+02
4.546053e-01	8.565597e+02
4.624884e-01	8.614015e+02
4.704536e-01	8.662298e+02
4.785009e-01	8.710439e+02
4.866302e-01	8.758429e+02
4.948414e-01	8.806263e+02
5.031346e-01	8.853933e+02
5.115096e-01	8.901432e+02
5.199665e-01	8.948754e+02
5.285051e-01	8.995907e+02
5.371255e-01	9.042984e+02
5.458276e-01	9.090013e+02
5.546113e-01	9.136991e+02
5.634765e-01	9.183902e+02
5.724233e-01	9.230731e+02
5.814514e-01	9.277462e+02
5.905610e-01	9.324081e+02
5.997519e-01	9.370575e+02
6.090240e-01	9.416929e+02
6.183774e-01	9.463129e+02
6.275750e-01	9.508015e+02
6.370884e-01	9.553876e+02
6.466828e-01	9.599585e+02
6.563581e-01	9.645230e+02
6.661143e-01	9.690822e+02
6.759511e-01	9.736373e+02
6.858686e-01	9.781892e+02
6.958667e-01	9.827391e+02
7.059453e-01	9.872880e+02
7.161043e-01	9.918373e+02
7.263436e-01	9.963803e+02
7.366632e-01	1.000910e+03
7.470628e-01	1.005428e+03
7.575425e-01	1.009936e+03
7.681022e-01	1.014436e+03
7.787417e-01	1.018929e+03
7.894610e-01	1.023417e+03
8.002599e-01	1.027902e+03
8.111384e-01	1.032386e+03
8.220964e-01	1.036870e+03
8.331337e-01	1.041357e+03
8.442502e-01	1.045849e+03
8.554459e-01	1.050347e+03
8.667206e-01	1.054854e+03
8.780742e-01	1.059372e+03
8.895066e-01	1.063903e+03
9.010178e-01	1.068449e+03
9.126075e-01	1.073013e+03
9.242756e-01	1.077596e+03
9.360221e-01	1.082202e+03
9.478469e-01	1.086832e+03
9.597497e-01	1.091489e+03
9.717305e-01	1.096176e+03
9.837892e-01	1.100894e+03
9.959256e-01	1.105647e+03
1.008140e+00	1.110434e+03
1.020431e+00	1.115249e+03
1.032800e+00	1.120092e+03
1.045246e+00	1.124966e+03
1.057769e+00	1.129872e+03
1.070369e+00	1.134812e+03
1.083046e+00	1.139755e+03
1.095799e+00	1.144637e+03
1.108630e+00	1.149458e+03
1.121536e+00	1.154221e+03
1.134519e+00	1.158928e+03
1.147577e+00	1.163577e+03
1.160712e+00	1.168168e+03
1.173923e+00	1.172701e+03
1.187209e+00	1.177176e+03
1.200571e+00	1.181594e+03
1.214008e+00	1.185953e+03
1.227520e+00	1.190253e+03
1.241108e+00	1.194496e+03
1.254770e+00	1.198681e+03
1.268507e+00	1.202807e+03
1.282318e+00	1.206875e+03
1.296204e+00	1.210885e+03
1.310165e+00	1.214837e+03
1.324199e+00	1.218731e+03
1.338307e+00	1.222567e+03
1.352489e+00	1.226345e+03
1.366745e+00	1.230065e+03
1.381074e+00	1.233728e+03
1.395477e+00	1.237336e+03
1.409952e+00	1.240891e+03
1.424501e+00	1.244392e+03
1.439122e+00	1.247840e+03
1.453816e+00	1.251234e+03
1.468582e+00	1.254576e+03
1.483420e+00	1.257864e+03
1.498331e+00	1.261099e+03
1.513313e+00	1.264281e+03
1.528367e+00	1.267409e+03
1.543492e+00	1.270485e+03
1.558689e+00	1.273508e+03
1.573957e+00	1.276479e+03
1.589296e+00	1.279402e+03
1.604705e+00	1.282279e+03
1.620186e+00	1.285117e+03
1.635736e+00	1.287913e+03
1.651357e+00	1.290669e+03
1.667048e+00	1.293384e+03
1.682808e+00	1.296057e+03
1.698638e+00	1.298689e+03
1.714538e+00	1.301278e+03
1.730506e+00	1.303825e+03
1.746544e+00	1.306329e+03
1.762651e+00	1.308790e+03
1.778826e+00	1.311209e+03
1.795069e+00	1.313584e+03
1.811381e+00	1.315915e+03
1.827760e+00	1.318203e+03
1.844208e+00	1.320448e+03
1.860723e+00	1.322640e+03
1.877305e+00	1.324773e+03
1.893954e+00	1.326845e+03
1.910671e+00	1.328857e+03
1.927454e+00	1.330810e+03
1.944303e+00	1.332704e+03
1.961219e+00	1.334540e+03
1.978201e+00	1.336322e+03
1.995249e+00	1.338055e+03
2.012362e+00	1.339740e+03
2.029541e+00	1.341378e+03
2.046785e+00	1.342969e+03
2.064094e+00	1.344513e+03
2.081467e+00	1.346012e+03
2.098905e+00	1.347465e+03
2.116408e+00	1.348872e+03
2.133974e+00	1.350235e+03
2.151604e+00	1.351555e+03
2.169298e+00	1.352830e+03
2.187055e+00	1.354062e+03
2.204875e+00	1.355252e+03
2.222759e+00	1.356401e+03
2.240704e+00	1.357514e+03
2.258712e+00	1.358592e+03
2.276783e+00	1.359635e+03
2.294915e+00	1.360643e+03
2.313109e+00	1.361618e+03
2.331364e+00	1.362558e+03
2.349681e+00	1.363466e+03
2.368058e+00	1.364342e+03
2.386497e+00	1.365189e+03
2.404995e+00	1.366005e+03
2.423554e+00	1.366792e+03
2.442173e+00	1.367549e+03
2.460852e+00	1.368276e+03
2.479590e+00	1.368974e+03
2.498387e+00	1.369642e+03
2.517243e+00	1.370279e+03
2.536158e+00	1.370892e+03
2.555132e+00	1.371485e+03
2.574163e+00	1.372058e+03
2.593253e+00	1.372609e+03
2.612400e+00	1.373139e+03
2.631605e+00	1.373646e+03
2.650866e+00	1.374129e+03
2.670185e+00	1.374589e+03
2.689560e+00	1.375025e+03
2.708992e+00	1.375436e+03
2.728480e+00	1.375822e+03
2.748023e+00	1.376182e+03
2.767622e+00	1.376517e+03
2.787277e+00	1.376827e+03
2.806986e+00	1.377111e+03
2.826751e+00	1.377370e+03
2.846569e+00	1.377604e+03
2.866442e+00	1.377813e+03
2.886369e+00	1.377998e+03
2.906350e+00	1.378159e+03
2.926384e+00	1.378298e+03
2.946471e+00	1.378415e+03
2.966611e+00	1.378512e+03
2.986803e+00	1.378590e+03
3.007048e+00	1.378650e+03
3.027345e+00	1.378695e+03
3.047693e+00	1.378725e+03
3.068093e+00	1.378744e+03
3.088544e+00	1.378753e+03
3.109046e+00	1.378754e+03
3.129598e+00	1.378752e+03
3.150201e+00	1.378748e+03
3.170854e+00	1.378745e+03
3.191556e+00	1.378747e+03
3.212308e+00	1.378755e+03
3.233109e+00	1.378762e+03
3.253959e+00	1.378772e+03
3.274858e+00	1.378789e+03
3.295805e+00	1.378820e+03
3.316799e+00	1.378870e+03
3.337842e+00	1.378941e+03
3.358932e+00	1.379031e+03
3.380069e+00	1.379149e+03
3.401252e+00	1.379302e+03
3.422482e+00	1.379499e+03
3.443759e+00	1.379751e+03
3.465081e+00	1.380066e+03
3.486449e+00	1.380453e+03
3.507862e+00	1.380923e+03
3.529320e+00	1.381484e+03
3.550823e+00	1.382147e+03
3.572370e+00	1.382922e+03
3.593961e+00	1.383817e+03
3.615596e+00	1.384839e+03
3.637275e+00	1.385996e+03
3.658997e+00	1.387300e+03
3.680761e+00	1.388762e+03
3.702568e+00	1.390393e+03
3.724417e+00	1.392204e+03
3.746309e+00	1.394205e+03
3.768241e+00	1.396404e+03
3.790215e+00	1.398812e+03
3.812231e+00	1.401440e+03
3.834286e+00	1.404296e+03
3.856382e+00	1.407390e+03
3.878518e+00	1.410731e+03
3.900694e+00	1.414327e+03
3.922910e+00	1.418186e+03
3.945164e+00	1.422316e+03
3.967457e+00	1.426723e+03
3.989789e+00	1.431414e+03
4.012158e+00	1.436396e+03
4.034566e+00	1.441672e+03
4.057011e+00	1.447250e+03
4.079493e+00	1.453131e+03
4.102012e+00	1.459322e+03
4.124568e+00	1.465823e+03
4.147159e+00	1.472639e+03
4.169787e+00	1.479771e+03
4.192450e+00	1.487219e+03
4.215148e+00	1.494985e+03
4.237882e+00	1.503065e+03
4.260650e+00	1.511456e+03
4.283452e+00	1.520157e+03
4.306288e+00	1.529167e+03
4.329157e+00	1.538485e+03
4.352060e+00	1.548107e+03
4.374996e+00	1.558030e+03
4.397964e+00	1.568250e+03
4.420965e+00	1.578762e+03
4.443997e+00	1.589559e+03
4.467061e+00	1.600636e+03
4.490157e+00	1.611985e+03
4.513283e+00	1.623598e+03
4.536440e+00	1.635465e+03
4.559627e+00	1.647578e+03
4.582844e+00	1.659925e+03
4.606091e+00	1.672497e+03
4.629367e+00	1.685285e+03
4.652672e+00	1.698282e+03
4.676005e+00	1.711474e+03
4.699367e+00	1.724851e+03
4.722756e+00	1.738398e+03
4.746173e+00	1.752104e+03
4.769618e+00	1.765954e+03
4.793089e+00	1.779933e+03
4.816587e+00	1.794029e+03
4.840110e+00	1.808225e+03
4.863660e+00	1.822509e+03
4.887235e+00	1.836866e+03
4.910836e+00	1.851282e+03
4.934461e+00	1.865739e+03
4.958111e+00	1.880228e+03
4.981785e+00	1.894743e+03
5.005482e+00	1.909272e+03
5.029203e+00	1.923800e+03
5.052948e+00	1.938313e+03
5.076715e+00	1.952796e+03
5.100504e+00	1.967235e+03
5.124315e+00	1.981617e+03
5.148148e+00	1.995942e+03
5.172003e+00	2.010199e+03
5.195878e+00	2.024378e+03
5.219774e+00	2.038480e+03
5.243691e+00	2.052499e+03
5.267627e+00	2.066427e+03
5.291583e+00	2.080254e+03
5.315559e+00	2.093971e+03
5.339553e+00	2.107567e+03
5.363565e+00	2.121035e+03
5.387596e+00	2.134365e+03
5.411645e+00	2.147549e+03
5.435712e+00	2.160589e+03
5.459795e+00	2.173481e+03
5.483895e+00	2.186215e+03
5.508012e+00	2.198785e+03
5.532145e+00	2.211182e+03
5.556293e+00	2.223404e+03
5.580457e+00	2.235453e+03
5.604636e+00	2.247323e+03
5.628830e+00	2.259007e+03
5.653038e+00	2.270508e+03
5.677260e+00	2.281822e+03
5.701496e+00	2.292945e+03
5.725744e+00	2.303871e+03
5.750006e+00	2.314593e+03
5.774280e+00	2.325104e+03
5.798567e+00	2.335397e+03
5.822865e+00	2.345465e+03
5.847175e+00	2.355301e+03
5.871496e+00	2.364899e+03
5.895828e+00	2.374252e+03
5.920170e+00	2.383353e+03
5.944522e+00	2.392197e+03
5.968883e+00	2.400777e+03
5.993255e+00	2.409080e+03
6.017635e+00	2.416992e+03
6.042023e+00	2.424634e+03
6.066420e+00	2.432001e+03
6.090825e+00	2.439088e+03
6.115238e+00	2.445890e+03
6.139657e+00	2.452402e+03
6.164084e+00	2.458619e+03
6.188516e+00	2.464537e+03
6.212955e+00	2.470151e+03
6.237400e+00	2.475457e+03
6.261850e+00	2.480451e+03
6.286305e+00	2.485130e+03
6.310765e+00	2.489490e+03
6.335229e+00	2.493528e+03
6.359697e+00	2.497241e+03
6.384169e+00	2.500627e+03
6.408644e+00	2.503682e+03
6.433121e+00	2.506404e+03
6.457601e+00	2.508792e+03
6.482084e+00	2.510843e+03
6.506568e+00	2.512557e+03
6.531053e+00	2.513931e+03
6.555540e+00	2.514966e+03
6.580027e+00	2.515659e+03
6.604515e+00	2.515992e+03
6.629003e+00	2.515605e+03
6.653490e+00	2.514878e+03
6.677976e+00	2.513809e+03
6.702462e+00	2.512401e+03
6.726946e+00	2.510653e+03
6.751428e+00	2.508568e+03
6.775908e+00	2.506147e+03
6.800385e+00	2.503391e+03
6.824860e+00	2.500303e+03
6.849331e+00	2.496885e+03
6.873798e+00	2.493139e+03
6.898262e+00	2.489069e+03
6.922721e+00	2.484676e+03
6.947176e+00	2.479966e+03
6.971625e+00	2.474940e+03
6.996070e+00	2.469603e+03
7.020508e+00	2.463959e+03
7.044940e+00	2.458011e+03
7.069366e+00	2.451764e+03
7.093785e+00	2.445223e+03
7.118196e+00	2.438392e+03
7.142600e+00	2.431277e+03
7.166996e+00	2.423882e+03
7.191384e+00	2.416212e+03
7.215763e+00	2.408268e+03
7.240133e+00	2.399931e+03
7.264494e+00	2.391324e+03
7.288845e+00	2.382455e+03
7.313186e+00	2.373328e+03
7.337517e+00	2.363950e+03
7.361836e+00	2.354328e+03
7.386145e+00	2.344468e+03
7.410442e+00	2.334378e+03
7.434727e+00	2.324063e+03
7.459000e+00	2.313531e+03
7.483260e+00	2.302788e+03
7.507508e+00	2.291841e+03
7.531742e+00	2.280699e+03
7.555962e+00	2.269366e+03
7.580169e+00	2.257847e+03
7.604361e+00	2.246144e+03
7.628538e+00	2.234257e+03
7.652701e+00	2.222190e+03
7.676848e+00	2.209951e+03
7.700979e+00	2.197536e+03
7.725094e+00	2.184949e+03
7.749192e+00	2.172198e+03
7.773274e+00	2.159292e+03
7.797338e+00	2.146237e+03
7.821385e+00	2.133038e+03
7.845414e+00	2.119694e+03
7.869425e+00	2.106213e+03
7.893417e+00	2.092604e+03
7.917390e+00	2.078877e+03
7.941344e+00	2.065039e+03
7.965278e+00	2.051101e+03
7.989193e+00	2.037073e+03
8.013087e+00	2.022964e+03
8.036960e+00	2.008777e+03
8.060812e+00	1.994512e+03
8.084643e+00	1.980181e+03
8.108452e+00	1.965793e+03
8.132239e+00	1.951349e+03
8.156003e+00	1.936863e+03
8.179745e+00	1.922348e+03
8.203463e+00	1.907819e+03
8.227159e+00	1.893291e+03
8.250830e+00	1.878777e+03
8.274477e+00	1.864292e+03
8.298099e+00	1.849838e+03
8.321697e+00	1.835428e+03
8.345270e+00	1.821077e+03
8.368817e+00	1.806801e+03
8.392338e+00	1.792614e+03
8.415833e+00	1.778530e+03
8.439301e+00	1.764562e+03
8.462742e+00	1.750727e+03
8.486156e+00	1.737036e+03
8.509543e+00	1.723505e+03
8.532902e+00	1.710147e+03
8.556232e+00	1.696973e+03
8.579534e+00	1.683997e+03
8.602806e+00	1.671230e+03
8.626050e+00	1.658680e+03
8.649264e+00	1.646356e+03
8.672448e+00	1.634267e+03
8.695601e+00	1.622425e+03
8.718724e+00	1.610838e+03
8.741816e+00	1.599516e+03
8.764877e+00	1.588467e+03
8.787906e+00	1.577697e+03
8.810903e+00	1.567215e+03
8.833868e+00	1.557024e+03
8.856800e+00	1.547131e+03
8.879700e+00	1.537539e+03
8.902566e+00	1.528252e+03
8.925398e+00	1.519273e+03
8.948196e+00	1.510603e+03
8.970961e+00	1.502243e+03
8.993690e+00	1.494194e+03
9.016385e+00	1.486460e+03
9.039044e+00	1.479043e+03
9.061668e+00	1.471943e+03
9.084256e+00	1.465159e+03
9.106807e+00	1.458689e+03
9.129322e+00	1.452529e+03
9.151800e+00	1.446678e+03
9.174241e+00	1.441131e+03
9.196645e+00	1.435884e+03
9.219010e+00	1.430932e+03
9.241338e+00	1.426270e+03
9.263627e+00	1.421891e+03
9.285877e+00	1.417788e+03
9.308088e+00	1.413956e+03
9.330260e+00	1.410386e+03
9.352391e+00	1.407070e+03
9.374483e+00	1.404000e+03
9.396535e+00	1.401167e+03
9.418545e+00	1.398562e+03
9.440515e+00	1.396175e+03
9.462443e+00	1.393996e+03
9.484330e+00	1.392015e+03
9.506175e+00	1.390222e+03
9.527977e+00	1.388608e+03
9.549737e+00	1.387162e+03
9.571454e+00	1.385874e+03
9.593128e+00	1.384731e+03
9.614758e+00	1.383722e+03
9.636345e+00	1.382839e+03
9.657887e+00	1.382076e+03
9.679385e+00	1.381424e+03
9.700838e+00	1.380872e+03
9.722247e+00	1.380411e+03
9.743610e+00	1.380031e+03
9.764927e+00	1.379723e+03
9.786198e+00	1.379477e+03
9.807423e+00	1.379284e+03
9.828602e+00	1.379135e+03
9.849734e+00	1.379021e+03
9.870819e+00	1.378933e+03
9.891856e+00	1.378864e+03
9.912845e+00	1.378817e+03
9.933787e+00	1.378787e+03
9.954680e+00	1.378770e+03
9.975525e+00	1.378761e+03
9.996321e+00	1.378754e+03
1.001707e+01	1.378747e+03
1.003776e+01	1.378745e+03
1.005841e+01	1.378748e+03
1.007901e+01	1.378752e+03
1.009956e+01	1.378755e+03
1.012005e+01	1.378752e+03
1.014050e+01	1.378742e+03
1.016089e+01	1.378723e+03
1.018124e+01	1.378691e+03
1.020153e+01	1.378645e+03
1.022177e+01	1.378583e+03
1.024195e+01	1.378504e+03
1.026209e+01	1.378405e+03
1.028217e+01	1.378285e+03
1.030220e+01	1.378144e+03
1.032217e+01	1.377980e+03
1.034209e+01	1.377793e+03
1.036196e+01	1.377582e+03
1.038177e+01	1.377345e+03
1.040153e+01	1.377084e+03
1.042123e+01	1.376797e+03
1.044088e+01	1.376485e+03
1.046048e+01	1.376147e+03
1.048001e+01	1.375784e+03
1.049950e+01	1.375396e+03
1.051892e+01	1.374982e+03
1.053829e+01	1.374544e+03
1.055760e+01	1.374082e+03
1.057686e+01	1.373596e+03
1.059606e+01	1.373087e+03
1.061520e+01	1.372555e+03
1.063428e+01	1.372002e+03
1.065331e+01	1.371427e+03
1.067227e+01	1.370832e+03
1.069118e+01	1.370216e+03
1.071003e+01	1.369577e+03
1.072882e+01	1.368906e+03
1.074755e+01	1.368205e+03
1.076623e+01	1.367474e+03
1.078484e+01	1.366714e+03
1.080339e+01	1.365925e+03
1.082188e+01	1.365105e+03
1.084032e+01	1.364256e+03
1.085869e+01	1.363376e+03
1.087700e+01	1.362466e+03
1.089525e+01	1.361522e+03
1.091343e+01	1.360544e+03
1.093156e+01	1.359532e+03
1.094962e+01	1.358485e+03
1.096762e+01	1.357404e+03
1.098556e+01	1.356287e+03
1.100344e+01	1.355135e+03
1.102125e+01	1.353941e+03
1.103900e+01	1.352705e+03
1.105669e+01	1.351425e+03
1.107431e+01	1.350101e+03
1.109187e+01	1.348734e+03
1.110937e+01	1.347321e+03
1.112680e+01	1.345864e+03
1.114417e+01	1.344361e+03
1.116147e+01	1.342812e+03
1.117870e+01	1.341217e+03
1.119588e+01	1.339574e+03
1.121298e+01	1.337884e+03
1.123002e+01	1.336146e+03
1.124700e+01	1.334359e+03
1.126391e+01	1.332517e+03
1.128075e+01	1.330617e+03
1.129752e+01	1.328658e+03
1.131423e+01	1.326640e+03
1.133088e+01	1.324562e+03
1.134745e+01	1.322424e+03
1.136396e+01	1.320225e+03
1.138040e+01	1.317977e+03
1.139677e+01	1.315684e+03
1.141308e+01	1.313348e+03
1.142931e+01	1.310969e+03
1.144548e+01	1.308546e+03
1.146158e+01	1.306080e+03
1.147761e+01	1.303572e+03
1.149357e+01	1.301021e+03
1.150946e+01	1.298427e+03
1.152528e+01	1.295792e+03
1.154104e+01	1.293114e+03
1.155672e+01	1.290395e+03
1.157233e+01	1.287635e+03
1.158788e+01	1.284835e+03
1.160335e+01	1.281993e+03
1.161875e+01	1.279112e+03
1.163408e+01	1.276184e+03
1.164934e+01	1.273208e+03
1.166453e+01	1.270180e+03
1.167965e+01	1.267099e+03
1.169470e+01	1.263965e+03
1.170967e+01	1.260778e+03
1.172457e+01	1.257537e+03
1.173940e+01	1.254244e+03
1.175416e+01	1.250897e+03
1.176885e+01	1.247497e+03
1.178346e+01	1.244044e+03
1.179800e+01	1.240538e+03
1.181247e+01	1.236978e+03
1.182686e+01	1.233365e+03
1.184119e+01	1.229696e+03
1.185543e+01	1.225970e+03
1.186961e+01	1.222186e+03
1.188371e+01	1.218344e+03
1.189773e+01	1.214444e+03
1.191169e+01	1.210486e+03
1.192556e+01	1.206471e+03
1.193937e+01	1.202397e+03
1.195310e+01	1.198265e+03
1.196675e+01	1.194075e+03
1.198033e+01	1.189826e+03
1.199383e+01	1.185519e+03
1.200726e+01	1.181154e+03
1.202062e+01	1.176731e+03
1.203390e+01	1.172250e+03
1.204710e+01	1.167711e+03
1.206022e+01	1.163114e+03
1.207328e+01	1.158460e+03
1.208625e+01	1.153748e+03
1.209915e+01	1.148978e+03
1.211197e+01	1.144152e+03
1.212472e+01	1.139264e+03
1.213738e+01	1.134316e+03
1.214998e+01	1.129380e+03
1.216249e+01	1.124477e+03
1.217493e+01	1.119606e+03
1.218729e+01	1.114766e+03
1.219957e+01	1.109954e+03
1.221178e+01	1.105170e+03
1.222391e+01	1.100421e+03
1.223596e+01	1.095706e+03
1.224793e+01	1.091022e+03
1.225982e+01	1.086368e+03
1.227164e+01	1.081740e+03
1.228338e+01	1.077137e+03
1.229504e+01	1.072555e+03
1.230662e+01	1.067994e+03
1.231812e+01	1.063449e+03
1.232954e+01	1.058919e+03
1.234089e+01	1.054403e+03
1.235216e+01	1.049897e+03
1.236334e+01	1.045399e+03
1.237445e+01	1.040908e+03
1.238548e+01	1.036422e+03
1.239643e+01	1.031938e+03
1.240730e+01	1.027454e+03
1.241809e+01	1.022969e+03
1.242880e+01	1.018480e+03
1.243943e+01	1.013986e+03
1.244998e+01	1.009486e+03
1.246045e+01	1.004977e+03
1.247084e+01	1.000458e+03
1.248116e+01	9.959266e+02
1.249139e+01	9.913824e+02
1.250154e+01	9.868332e+02
1.251161e+01	9.822841e+02
1.252160e+01	9.777341e+02
1.253150e+01	9.731819e+02
1.254133e+01	9.686265e+02
1.255108e+01	9.640668e+02
1.256075e+01	9.595018e+02
1.257033e+01	9.549298e+02
1.257984e+01	9.503419e+02
1.258926e+01	9.457363e+02
1.259860e+01	9.411142e+02
1.260787e+01	9.364771e+02
1.261705e+01	9.318261e+02
1.262614e+01	9.271626e+02
1.263516e+01	9.224882e+02
1.264410e+01	9.178043e+02
1.265295e+01	9.131122e+02
1.266172e+01	9.084137e+02
1.267042e+01	9.037102e+02
1.267903e+01	8.990018e+02
1.268755e+01	8.942849e+02
1.269600e+01	8.895504e+02
1.270436e+01	8.847983e+02
1.271265e+01	8.800293e+02
1.272085e+01	8.752439e+02
1.272896e+01	8.704429e+02
1.273700e+01	8.656270e+02
1.274496e+01	8.607970e+02
1.275283e+01	8.559536e+02
1.276062e+01	8.510976e+02
1.276833e+01	8.462294e+02
1.277595e+01	8.413457e+02
1.278350e+01	8.364466e+02
1.279096e+01	8.315346e+02
1.279834e+01	8.266118e+02
1.280563e+01	8.216805e+02
1.281285e+01	8.167429e+02
1.281998e+01	8.118010e+02
1.282703e+01	8.068572e+02
1.283400e+01	8.019134e+02
1.284088e+01	7.969719e+02
1.284768e+01	7.920346e+02
1.285441e+01	7.871036e+02
1.286104e+01	7.821810e+02
1.286760e+01	7.772687e+02
1.287407e+01	7.723687e+02
1.288046e+01	7.674829e+02
1.288677e+01	7.626133e+02
1.289300e+01	7.577617e+02
1.289914e+01	7.529301e+02
1.290520e+01	7.481203e+02
1.291118e+01	7.433340e+02
1.291708e+01	7.385731e+02
1.292290e+01	7.338394e+02
1.292863e+01	7.291346e+02
1.293428e+01	7.244605e+02
1.293985e+01	7.198188e+02
1.294534e+01	7.152112e+02
1.295074e+01	7.106394e+02
1.295607e+01	7.061051e+02
1.296131e+01	7.016098e+02
1.296647e+01	6.971554e+02
1.297154e+01	6.927433e+02
1.297654e+01	6.883753e+02
1.298146e+01	6.840529e+02
1.298629e+01	6.797778e+02
1.299104e+01	6.755516e+02
1.299571e+01	6.713743e+02
1.300030e+01	6.672379e+02
1.300481e+01	6.631413e+02
1.300924e+01	6.590849e+02
1.301358e+01	6.550693e+02
1.301785e+01	6.510950e+02
1.302204e+01	6.471626e+02
1.302614e+01	6.432727e+02
1.303017e+01	6.394325e+02
1.303411e+01	6.356480e+02
1.303798e+01	6.319198e+02
1.304176e+01	6.282485e+02
1.304547e+01	6.246344e+02
1.304910e+01	6.210778e+02
1.305265e+01	6.175791e+02
1.305612e+01	6.141382e+02
1.305951e+01	6.107552e+02
1.306283e+01	6.074297e+02
1.306606e+01	6.041611e+02
1.306922e+01	6.009484e+02
1.307230e+01	5.977904e+02
1.307531e+01	5.946852e+02
1.307824e+01	5.916300e+02
1.308110e+01	5.886218e+02
1.308388e+01	5.856560e+02
1.308658e+01	5.827273e+02
1.308921e+01	5.798288e+02
1.309177e+01	5.769519e+02
1.309426e+01	5.740850e+02
1.309667e+01	5.712092e+02
1.309901e+01	5.683044e+02
1.310129e+01	5.653504e+02
1.310349e+01	5.623224e+02
1.310563e+01	5.591910e+02
1.310770e+01	5.559207e+02
1.310970e+01	5.524695e+02
1.311164e+01	5.487873e+02
1.311352e+01	5.448151e+02
1.311534e+01	5.404841e+02
1.311710e+01	5.357143e+02
1.311880e+01	5.304141e+02
1.312045e+01	5.244801e+02
1.312204e+01	5.177973e+02
1.312359e+01	5.102409e+02
1.312509e+01	5.016769e+02
1.312655e+01	4.919713e+02
1.312797e+01	4.809963e+02
1.312936e+01	4.686384e+02
1.313071e+01	4.548102e+02
1.313204e+01	4.394618e+02
1.313334e+01	4.225931e+02
1.313463e+01	4.042630e+02
1.313591e+01	3.845950e+02
1.313718e+01	3.637760e+02
1.313845e+01	3.420492e+02
1.313972e+01	3.197001e+02
1.314101e+01	2.970384e+02
1.314231e+01	2.743774e+02
1.314363e+01	2.520153e+02
1.314497e+01	2.302193e+02
1.314634e+01	2.092146e+02
1.314775e+01	1.891791e+02
1.314919e+01	1.702430e+02
1.315067e+01	1.524910e+02
1.315220e+01	1.359684e+02
1.315377e+01	1.206874e+02
1.315539e+01	1.066340e+02
1.315707e+01	9.377434e+01
1.315880e+01	8.206167e+01
1.316058e+01	7.143831e+01
1.316242e+01	6.183909e+01
1.316432e+01	5.318905e+01
1.316629e+01	4.542615e+01
1.316831e+01	3.849046e+01
1.317040e+01	3.232315e+01
1.317255e+01	2.686731e+01
1.317477e+01	2.206858e+01
1.317706e+01	1.787550e+01
1.317941e+01	1.423966e+01
1.318183e+01	1.111581e+01
1.318432e+01	8.461748e+00
1.318688e+01	6.238299e+00
1.318951e+01	4.409138e+00
1.319221e+01	2.940656e+00
1.319497e+01	1.801790e+00
1.319781e+01	9.638564e-01
1.320073e+01	4.003834e-01
1.320371e+01	8.695224e-02
1.320669e+01	2.076244e-05
1.320974e+01	2.167312e-03
1.321276e+01	7.802235e-03
1.321573e+01	1.686426e-02
1.321867e+01	2.928490e-02
1.322156e+01	4.498813e-02
1.322442e+01	6.388998e-02
1.322723e+01	8.589805e-02
1.323001e+01	1.109112e-01
1.323275e+01	1.388190e-01
1.323545e+01	1.695015e-01
1.323811e+01	2.028286e-01
1.324074e+01	2.386598e-01
1.324333e+01	2.768438e-01
1.324589e+01	3.172182e-01
1.324841e+01	3.596089e-01
1.325090e+01	4.038303e-01
1.325336e+01	4.496849e-01
1.325579e+01	4.969420e-01
1.325818e+01	5.453950e-01
1.326055e+01	5.948153e-01
1.326288e+01	6.449588e-01
1.326519e+01	6.955703e-01
1.326747e+01	7.463844e-01
1.326973e+01	7.971259e-01
1.327196e+01	8.475116e-01
1.327416e+01	8.972509e-01
1.327635e+01	9.460477e-01
1.327851e+01	9.936026e-01
1.328065e+01	1.039615e+00
1.328277e+01	1.083783e+00
1.328488e+01	1.125813e+00
1.328696e+01	1.165413e+00
1.328904e+01	1.202304e+00
1.329110e+01	1.236217e+00
1.329314e+01	1.266901e+00
1.329518e+01	1.294125e+00
1.329721e+01	1.317677e+00
1.329922e+01	1.337373e+00
1.330124e+01	1.353057e+00
1.330324e+01	1.364602e+00
1.330525e+01	1.371916e+00
1.330725e+01	1.374937e+00
1.330925e+01	1.373464e+00
1.331126e+01	1.367647e+00
1.331326e+01	1.357574e+00
1.331527e+01	1.343326e+00
1.331729e+01	1.325018e+00
1.331931e+01	1.302795e+00
1.332135e+01	1.276834e+00
1.332339e+01	1.247336e+00
1.332545e+01	1.214525e+00
1.332751e+01	1.178647e+00
1.332960e+01	1.139964e+00
1.333170e+01	1.098752e+00
1.333381e+01	1.055299e+00
1.333595e+01	1.009898e+00
1.333810e+01	9.628486e-01
1.334028e+01	9.144522e-01
1.334248e+01	8.650089e-01
1.334470e+01	8.148162e-01
1.334694e+01	7.641665e-01
1.334922e+01	7.133461e-01
1.335152e+01	6.626330e-01
1.335384e+01	6.122961e-01
1.335620e+01	5.625943e-01
1.335858e+01	5.137757e-01
1.336100e+01	4.660770e-01
1.336345e+01	4.197041e-01
1.336592e+01	3.748880e-01
1.336844e+01	3.318348e-01
1.337098e+01	2.907344e-01
1.337356e+01	2.517647e-01
1.337618e+01	2.150922e-01
1.337883e+01	1.808721e-01
1.338152e+01	1.492487e-01
1.338425e+01	1.203556e-01
1.338701e+01	9.431627e-02
1.338982e+01	7.124446e-02
1.339266e+01	5.124448e-02
1.339554e+01	3.441176e-02
1.339846e+01	2.083317e-02
1.340142e+01	1.058746e-02
1.340442e+01	3.745721e-03
1.340747e+01	3.717082e-04
