-1.00	2	5.313265e+02	8.289965e+01	-9.284475e-01	1.630576e-02	-9.593571e-01	-3.090957e-02
-0.90	2	4.408541e+02	7.023680e+01	-9.041599e-01	2.271450e-02	-9.412582e-01	-3.709830e-02
-0.80	2	3.712932e+02	5.379698e+01	-8.732632e-01	2.752386e-02	-9.151653e-01	-4.190208e-02
-0.70	2	3.095148e+02	4.593474e+01	-8.267691e-01	3.901489e-02	-8.778762e-01	-5.110713e-02
-0.60	2	2.654883e+02	3.718654e+01	-7.702954e-01	5.170819e-02	-8.253062e-01	-5.501089e-02
-0.50	2	2.279529e+02	3.001418e+01	-6.941150e-01	6.230019e-02	-7.526604e-01	-5.854545e-02
-0.40	2	2.006898e+02	2.303856e+01	-5.973903e-01	7.552571e-02	-6.550659e-01	-5.767558e-02
-0.30	2	1.796478e+02	1.879421e+01	-4.716615e-01	9.585955e-02	-5.288783e-01	-5.721685e-02
-0.20	2	1.652295e+02	1.561965e+01	-3.324081e-01	1.149986e-01	-3.736191e-01	-4.121102e-02
-0.10	2	1.569410e+02	1.217206e+01	-1.703291e-01	1.235710e-01	-1.938939e-01	-2.356476e-02
0.00	2	1.541788e+02	1.194411e+01	6.409171e-03	1.275811e-01	0.000000e+00	-6.409171e-03
0.10	2	1.568672e+02	1.239512e+01	1.676835e-01	1.237510e-01	1.938939e-01	2.621040e-02
0.20	2	1.655537e+02	1.496623e+01	3.306328e-01	1.071664e-01	3.736191e-01	4.298630e-02
0.30	2	1.794886e+02	1.919101e+01	4.729564e-01	1.014361e-01	5.288783e-01	5.592186e-02
0.40	2	1.995624e+02	2.374566e+01	5.925914e-01	8.222805e-02	6.550659e-01	6.247454e-02
0.50	2	2.260267e+02	3.036119e+01	6.889854e-01	6.661994e-02	7.526604e-01	6.367500e-02
0.60	2	2.654924e+02	3.635657e+01	7.703265e-01	4.988143e-02	8.253062e-01	5.497979e-02
0.70	2	3.121978e+02	4.395489e+01	8.290203e-01	3.725797e-02	8.778762e-01	4.885595e-02
0.80	2	3.696886e+02	5.845651e+01	8.718974e-01	3.046121e-02	9.151653e-01	4.326789e-02
0.90	2	4.404290e+02	6.911005e+01	9.037791e-01	2.240045e-02	9.412582e-01	3.747905e-02
1.00	2	5.275407e+02	8.435996e+01	9.276329e-01	1.643060e-02	9.593571e-01	3.172416e-02
-1.00	3	5.208159e+03	1.388183e+03	-9.880617e-01	4.630167e-03	-9.888648e-01	-8.030062e-04
-0.90	3	3.784413e+03	9.782155e+02	-9.816354e-01	6.885185e-03	-9.831642e-01	-1.528762e-03
-0.80	3	2.822049e+03	7.443410e+02	-9.711574e-01	1.135492e-02	-9.737250e-01	-2.567572e-03
-0.70	3	2.100207e+03	5.352065e+02	-9.541125e-01	1.709203e-02	-9.578642e-01	-3.751622e-03
-0.60	3	1.591082e+03	3.936119e+02	-9.253043e-01	2.902100e-02	-9.310423e-01	-5.738002e-03
-0.50	3	1.212809e+03	2.820923e+02	-8.784706e-01	4.567206e-02	-8.858727e-01	-7.402081e-03
-0.40	3	9.465648e+02	2.249747e+02	-8.026312e-01	7.041075e-02	-8.111969e-01	-8.565680e-03
-0.30	3	7.418545e+02	1.651506e+02	-6.721420e-01	1.114205e-01	-6.924369e-01	-2.029496e-02
-0.20	3	6.263142e+02	1.226503e+02	-5.025017e-01	1.439596e-01	-5.157741e-01	-1.327239e-02
-0.10	3	5.500967e+02	9.235083e+01	-2.783987e-01	1.772774e-01	-2.783627e-01	3.601532e-05
0.00	3	5.314843e+02	8.787768e+01	8.746488e-03	1.942806e-01	0.000000e+00	-8.746488e-03
0.10	3	5.503621e+02	9.527021e+01	2.710299e-01	1.708183e-01	2.783627e-01	7.332794e-03
0.20	3	6.213342e+02	1.221606e+02	4.991535e-01	1.504135e-01	5.157741e-01	1.662063e-02
0.30	3	7.501611e+02	1.605381e+02	6.766602e-01	1.032551e-01	6.924369e-01	1.577676e-02
0.40	3	9.403781e+02	2.207063e+02	8.002027e-01	7.405793e-02	8.111969e-01	1.099418e-02
0.50	3	1.197253e+03	2.910350e+02	8.762570e-01	4.483055e-02	8.858727e-01	9.615616e-03
0.60	3	1.587355e+03	3.950636e+02	9.251897e-01	2.818885e-02	9.310423e-01	5.852660e-03
0.70	3	2.144825e+03	5.147423e+02	9.550385e-01	1.674534e-02	9.578642e-01	2.825659e-03
0.80	3	2.803084e+03	7.733487e+02	9.708438e-01	1.151751e-02	9.737250e-01	2.881181e-03
0.90	3	3.813011e+03	9.943971e+02	9.817786e-01	6.933042e-03	9.831642e-01	1.385600e-03
1.00	3	5.153122e+03	1.296615e+03	9.880538e-01	4.298031e-03	9.888648e-01	8.110000e-04
-1.00	4	1.880588e+04	7.160447e+03	-9.910770e-01	5.695937e-03	-9.928295e-01	-1.752578e-03
-0.90	4	1.254103e+04	4.857571e+03	-9.870196e-01	2.338957e-02	-9.900860e-01	-3.066413e-03
-0.80	4	8.600015e+03	3.182743e+03	-9.821838e-01	2.387420e-02	-9.856510e-01	-3.467215e-03
-0.70	4	5.631483e+03	2.047214e+03	-9.731439e-01	1.491027e-02	-9.780284e-01	-4.884482e-03
-0.60	4	3.915283e+03	1.443785e+03	-9.574220e-01	2.514810e-02	-9.641942e-01	-6.772166e-03
-0.50	4	2.652631e+03	9.706110e+02	-9.243152e-01	4.610238e-02	-9.380650e-01	-1.374983e-02
-0.40	4	1.850305e+03	6.533012e+02	-8.667412e-01	8.074437e-02	-8.878067e-01	-2.106550e-02
-0.30	4	1.338821e+03	4.378438e+02	-7.687052e-01	1.225366e-01	-7.923518e-01	-2.364663e-02
-0.20	4	9.942036e+02	2.999917e+02	-5.824599e-01	1.873818e-01	-6.213195e-01	-3.885955e-02
-0.10	4	8.144903e+02	2.078234e+02	-3.373457e-01	2.338977e-01	-3.505511e-01	-1.320546e-02
0.00	4	7.546274e+02	1.737687e+02	-8.623680e-04	2.612977e-01	0.000000e+00	8.623680e-04
0.10	4	8.263035e+02	2.106760e+02	3.366371e-01	2.350553e-01	3.505511e-01	1.391402e-02
0.20	4	1.008550e+03	2.957999e+02	6.031449e-01	1.677810e-01	6.213195e-01	1.817456e-02
0.30	4	1.305819e+03	4.425455e+02	7.605946e-01	1.333315e-01	7.923518e-01	3.175724e-02
0.40	4	1.846082e+03	6.479817e+02	8.682084e-01	7.194306e-02	8.878067e-01	1.959836e-02
0.50	4	2.659694e+03	9.951900e+02	9.237777e-01	6.916695e-02	9.380650e-01	1.428727e-02
0.60	4	3.917594e+03	1.447277e+03	9.567699e-01	2.611073e-02	9.641942e-01	7.424297e-03
0.70	4	5.665948e+03	2.113325e+03	9.729922e-01	1.623745e-02	9.780284e-01	5.036158e-03
0.80	4	8.576991e+03	3.238163e+03	9.793067e-01	5.164133e-02	9.856510e-01	6.344333e-03
0.90	4	1.277829e+04	4.744707e+03	9.880051e-01	7.577235e-03	9.900860e-01	2.080911e-03
1.00	4	1.917336e+04	7.154394e+03	9.896366e-01	3.288389e-02	9.928295e-01	3.192972e-03
-1.00	5	7.116773e+04	3.790106e+04	-9.776643e-01	7.887819e-02	-9.933545e-01	-1.569015e-02
-0.90	5	4.176814e+04	2.347999e+04	-9.635022e-01	1.072662e-01	-9.912057e-01	-2.770346e-02
-0.80	5	2.634746e+04	1.447828e+04	-9.665580e-01	9.474647e-02	-9.880102e-01	-2.145215e-02
-0.70	5	1.598780e+04	8.826361e+03	-9.563414e-01	1.092359e-01	-9.829144e-01	-2.657304e-02
-0.60	5	9.547911e+03	4.893116e+03	-9.461146e-01	1.143647e-01	-9.740626e-01	-2.794805e-02
-0.50	5	5.856030e+03	3.107481e+03	-9.084913e-01	1.636462e-01	-9.572353e-01	-4.874401e-02
-0.40	5	3.589838e+03	1.862175e+03	-8.633610e-01	1.850169e-01	-9.227154e-01	-5.935437e-02
-0.30	5	2.384220e+03	1.150325e+03	-7.820697e-01	2.166401e-01	-8.489928e-01	-6.692307e-02
-0.20	5	1.602474e+03	7.102539e+02	-6.129472e-01	2.740329e-01	-6.949617e-01	-8.201450e-02
-0.10	5	1.215794e+03	4.321274e+02	-3.594225e-01	3.089784e-01	-4.097676e-01	-5.034504e-02
0.00	5	1.091432e+03	3.530679e+02	7.807085e-03	3.532076e-01	0.000000e+00	-7.807085e-03
0.10	5	1.255757e+03	4.497297e+02	3.740810e-01	3.032347e-01	4.097676e-01	3.568654e-02
0.20	5	1.577040e+03	6.985380e+02	6.047829e-01	2.896037e-01	6.949617e-01	9.017888e-02
0.30	5	2.402563e+03	1.147348e+03	7.859777e-01	2.076153e-01	8.489928e-01	6.301506e-02
0.40	5	3.634155e+03	1.836778e+03	8.743340e-01	1.582582e-01	9.227154e-01	4.838131e-02
0.50	5	5.990738e+03	3.151126e+03	9.136801e-01	1.540688e-01	9.572353e-01	4.355515e-02
0.60	5	9.778376e+03	5.201759e+03	9.415964e-01	1.269877e-01	9.740626e-01	3.246618e-02
0.70	5	1.550614e+04	8.496576e+03	9.500863e-01	1.220883e-01	9.829144e-01	3.282816e-02
0.80	5	2.646842e+04	1.399309e+04	9.660150e-01	9.722545e-02	9.880102e-01	2.199521e-02
0.90	5	4.275507e+04	2.363894e+04	9.687573e-01	9.636740e-02	9.912057e-01	2.244840e-02
1.00	5	7.070644e+04	4.131585e+04	9.649196e-01	1.079866e-01	9.933545e-01	2.843491e-02
-1.00	6	2.527555e+05	2.030823e+05	-9.058487e-01	1.612893e-01	-9.934238e-01	-8.757513e-02
-0.90	6	1.394866e+05	1.069910e+05	-9.103735e-01	1.600428e-01	-9.913862e-01	-8.101272e-02
-0.80	6	8.000982e+04	6.038224e+04	-9.098671e-01	1.637440e-01	-9.884742e-01	-7.860706e-02
-0.70	6	4.168217e+04	3.160951e+04	-8.926940e-01	1.795124e-01	-9.840869e-01	-9.139290e-02
-0.60	6	2.360813e+04	1.712251e+04	-8.810508e-01	1.950004e-01	-9.769543e-01	-9.590352e-02
-0.50	6	1.302055e+04	9.689607e+03	-8.414222e-01	2.317262e-01	-9.641082e-01	-1.226860e-01
-0.40	6	8.003566e+03	5.569073e+03	-8.202053e-01	2.581800e-01	-9.380840e-01	-1.178787e-01
-0.30	6	4.494313e+03	3.055884e+03	-7.296387e-01	3.192909e-01	-8.797492e-01	-1.501105e-01
-0.20	6	2.564548e+03	1.595827e+03	-5.575190e-01	3.837211e-01	-7.441440e-01	-1.866250e-01
-0.10	6	1.884356e+03	9.727265e+02	-3.182131e-01	4.279180e-01	-4.567314e-01	-1.385183e-01
0.00	6	1.572474e+03	6.901789e+02	3.054159e-02	4.386717e-01	0.000000e+00	-3.054159e-02
0.10	6	1.819402e+03	9.640940e+02	2.988466e-01	4.393522e-01	4.567314e-01	1.578848e-01
0.20	6	2.653379e+03	1.682170e+03	5.613233e-01	3.905272e-01	7.441440e-01	1.828207e-01
0.30	6	4.405739e+03	3.028682e+03	7.215619e-01	3.230460e-01	8.797492e-01	1.581873e-01
0.40	6	7.673355e+03	5.587549e+03	8.079948e-01	2.626693e-01	9.380840e-01	1.300892e-01
0.50	6	1.391353e+04	1.044990e+04	8.587652e-01	2.164376e-01	9.641082e-01	1.053430e-01
0.60	6	2.384438e+04	1.797874e+04	8.782141e-01	1.935783e-01	9.769543e-01	9.874028e-02
0.70	6	4.244363e+04	3.363404e+04	8.879165e-01	1.837693e-01	9.840869e-01	9.617037e-02
0.80	6	8.067335e+04	6.324848e+04	9.023871e-01	1.697166e-01	9.884742e-01	8.608709e-02
0.90	6	1.420273e+05	1.109812e+05	9.054673e-01	1.639392e-01	9.913862e-01	8.591893e-02
1.00	6	2.540536e+05	1.993832e+05	9.111554e-01	1.581634e-01	9.934238e-01	8.226845e-02
-1.00	7	9.655873e+05	1.063209e+06	-8.471872e-01	1.669822e-01	-9.934330e-01	-1.462458e-01
-0.90	7	4.811792e+05	5.245907e+05	-8.404139e-01	1.736381e-01	-9.914153e-01	-1.510014e-01
-0.80	7	2.440309e+05	2.650160e+05	-8.314549e-01	1.801914e-01	-9.885653e-01	-1.571104e-01
-0.70	7	1.154707e+05	1.236941e+05	-8.147735e-01	1.925387e-01	-9.843676e-01	-1.695941e-01
-0.60	7	5.857620e+04	6.471548e+04	-7.888591e-01	2.105414e-01	-9.777978e-01	-1.889387e-01
-0.50	7	3.105947e+04	3.299771e+04	-7.706555e-01	2.334974e-01	-9.665508e-01	-1.958953e-01
-0.40	7	1.491823e+04	1.562766e+04	-7.082576e-01	2.728915e-01	-9.447474e-01	-2.364898e-01
-0.30	7	8.250921e+03	7.682667e+03	-6.467757e-01	3.375674e-01	-8.960605e-01	-2.492849e-01
-0.20	7	4.604413e+03	3.983250e+03	-4.997076e-01	4.244923e-01	-7.760377e-01	-2.763301e-01
-0.10	7	2.914289e+03	1.905042e+03	-2.775161e-01	4.864898e-01	-4.929910e-01	-2.154750e-01
0.00	7	2.408799e+03	1.381789e+03	-2.959134e-02	4.974165e-01	0.000000e+00	2.959134e-02
0.10	7	2.915042e+03	1.973550e+03	3.068890e-01	4.708666e-01	4.929910e-01	1.861020e-01
0.20	7	4.380084e+03	3.715376e+03	4.976525e-01	4.177449e-01	7.760377e-01	2.783852e-01
0.30	7	7.901300e+03	7.677117e+03	6.323045e-01	3.345476e-01	8.960605e-01	2.637561e-01
0.40	7	1.515179e+04	1.541697e+04	7.095997e-01	2.747665e-01	9.447474e-01	2.351478e-01
0.50	7	3.067851e+04	3.155256e+04	7.723030e-01	2.356760e-01	9.665508e-01	1.942478e-01
0.60	7	6.010902e+04	6.593490e+04	7.928006e-01	2.111697e-01	9.777978e-01	1.849972e-01
0.70	7	1.203043e+05	1.303537e+05	8.148518e-01	1.936461e-01	9.843676e-01	1.695158e-01
0.80	7	2.520156e+05	2.654016e+05	8.357971e-01	1.805544e-01	9.885653e-01	1.527682e-01
0.90	7	4.618153e+05	5.193729e+05	8.302229e-01	1.758853e-01	9.914153e-01	1.611924e-01
1.00	7	9.485106e+05	1.031550e+06	8.429776e-01	1.697719e-01	9.934330e-01	1.504554e-01
-1.00	8	3.794296e+06	5.767871e+06	-7.979892e-01	1.533678e-01	-9.934342e-01	-1.954450e-01
-0.90	8	1.642626e+06	2.466967e+06	-7.880536e-01	1.549312e-01	-9.914200e-01	-2.033663e-01
-0.80	8	7.091209e+05	1.090959e+06	-7.672819e-01	1.671595e-01	-9.885832e-01	-2.213013e-01
-0.70	8	3.272231e+05	4.975491e+05	-7.591266e-01	1.709821e-01	-9.844348e-01	-2.253082e-01
-0.60	8	1.582507e+05	2.227577e+05	-7.467909e-01	1.874222e-01	-9.780434e-01	-2.312525e-01
-0.50	8	7.011488e+04	1.005610e+05	-7.115611e-01	2.027914e-01	-9.674162e-01	-2.558551e-01
-0.40	8	3.404172e+04	4.884126e+04	-6.628080e-01	2.414418e-01	-9.476173e-01	-2.848093e-01
-0.30	8	1.528825e+04	1.904649e+04	-5.858824e-01	2.962887e-01	-9.046028e-01	-3.187204e-01
-0.20	8	8.097063e+03	9.625242e+03	-4.376076e-01	3.933000e-01	-7.963271e-01	-3.587195e-01
-0.10	8	4.537730e+03	4.364415e+03	-2.565825e-01	4.559550e-01	-5.204101e-01	-2.638276e-01
0.00	8	3.729359e+03	2.691296e+03	-1.162490e-02	5.069070e-01	0.000000e+00	1.162490e-02
0.10	8	4.387432e+03	4.118641e+03	2.292791e-01	4.713281e-01	5.204101e-01	2.911310e-01
0.20	8	8.149633e+03	9.441189e+03	4.463512e-01	3.843523e-01	7.963271e-01	3.499758e-01
0.30	8	1.504350e+04	2.064174e+04	5.648703e-01	2.925934e-01	9.046028e-01	3.397325e-01
0.40	8	3.056729e+04	4.462345e+04	6.511363e-01	2.323082e-01	9.476173e-01	2.964810e-01
0.50	8	6.036067e+04	9.208149e+04	6.943595e-01	2.003528e-01	9.674162e-01	2.730567e-01
0.60	8	1.366548e+05	2.168156e+05	7.269901e-01	1.830854e-01	9.780434e-01	2.510534e-01
0.70	8	3.535929e+05	4.978178e+05	7.699508e-01	1.750467e-01	9.844348e-01	2.144840e-01
0.80	8	6.813504e+05	1.131816e+06	7.599367e-01	1.592552e-01	9.885832e-01	2.286465e-01
0.90	8	1.622548e+06	2.497589e+06	7.829833e-01	1.573393e-01	9.914200e-01	2.084366e-01
1.00	8	3.510356e+06	5.514261e+06	7.896677e-01	1.524799e-01	9.934342e-01	2.037665e-01
-1.00	9	1.189219e+07	2.779415e+07	-7.460104e-01	1.440611e-01	-9.934344e-01	-2.474240e-01
-0.90	9	5.540743e+06	1.177951e+07	-7.479675e-01	1.484764e-01	-9.914207e-01	-2.434533e-01
-0.80	9	2.163922e+06	4.786037e+06	-7.325749e-01	1.542676e-01	-9.885867e-01	-2.560118e-01
-0.70	9	9.028702e+05	2.004593e+06	-7.185281e-01	1.567904e-01	-9.844508e-01	-2.659227e-01
-0.60	9	3.772404e+05	7.971461e+05	-7.005753e-01	1.688206e-01	-9.781150e-01	-2.775397e-01
-0.50	9	1.650279e+05	3.293708e+05	-6.788173e-01	1.788202e-01	-9.677225e-01	-2.889052e-01
-0.40	9	6.031266e+04	1.309070e+05	-6.159771e-01	1.938904e-01	-9.488498e-01	-3.328727e-01
-0.30	9	2.820112e+04	5.212014e+04	-5.453661e-01	2.390623e-01	-9.090470e-01	-3.636809e-01
-0.20	9	1.402162e+04	2.183276e+04	-4.293651e-01	3.246672e-01	-8.090771e-01	-3.797120e-01
-0.10	9	6.862912e+03	8.669115e+03	-2.262560e-01	4.084475e-01	-5.408198e-01	-3.145638e-01
0.00	9	5.300718e+03	4.939269e+03	-9.331725e-03	4.346064e-01	0.000000e+00	9.331725e-03
0.10	9	7.023516e+03	8.717270e+03	2.040466e-01	4.277408e-01	5.408198e-01	3.367732e-01
0.20	9	1.311174e+04	2.181238e+04	4.111280e-01	3.252716e-01	8.090771e-01	3.979490e-01
0.30	9	2.748597e+04	5.181484e+04	5.424850e-01	2.364282e-01	9.090470e-01	3.665619e-01
0.40	9	7.040231e+04	1.377871e+05	6.270538e-01	2.102906e-01	9.488498e-01	3.217961e-01
0.50	9	1.487333e+05	3.133331e+05	6.672104e-01	1.810423e-01	9.677225e-01	3.005121e-01
0.60	9	3.737985e+05	7.704816e+05	7.055758e-01	1.660865e-01	9.781150e-01	2.725392e-01
0.70	9	9.425717e+05	1.963356e+06	7.200084e-01	1.622421e-01	9.844508e-01	2.644425e-01
0.80	9	2.630432e+06	5.332713e+06	7.449255e-01	1.558778e-01	9.885867e-01	2.436612e-01
0.90	9	5.196249e+06	1.153380e+07	7.456723e-01	1.441468e-01	9.914207e-01	2.457485e-01
1.00	9	1.411491e+07	2.919936e+07	7.589544e-01	1.466540e-01	9.934344e-01	2.344800e-01
-1.00	10	4.505515e+07	1.422547e+08	-7.127798e-01	1.514177e-01	-9.934344e-01	-2.806546e-01
-0.90	10	1.883835e+07	6.016081e+07	-7.028307e-01	1.590508e-01	-9.914209e-01	-2.885901e-01
-0.80	10	6.470318e+06	2.088677e+07	-6.919981e-01	1.627441e-01	-9.885874e-01	-2.965893e-01
-0.70	10	2.199899e+06	7.321700e+06	-6.780949e-01	1.679982e-01	-9.844547e-01	-3.063597e-01
-0.60	10	8.966955e+05	2.643302e+06	-6.621705e-01	1.756160e-01	-9.781358e-01	-3.159653e-01
-0.50	10	3.213558e+05	9.724542e+05	-6.241853e-01	1.936189e-01	-9.678308e-01	-3.436455e-01
-0.40	10	1.214884e+05	3.418907e+05	-5.928215e-01	1.995271e-01	-9.493785e-01	-3.565570e-01
-0.30	10	6.446275e+04	1.530384e+05	-5.257079e-01	2.456199e-01	-9.113511e-01	-3.856432e-01
-0.20	10	1.965409e+04	4.477538e+04	-4.088268e-01	2.615922e-01	-8.170277e-01	-4.082009e-01
-0.10	10	1.107734e+04	1.862496e+04	-2.052370e-01	3.673128e-01	-5.558344e-01	-3.505974e-01
0.00	10	8.503364e+03	9.981650e+03	7.914231e-03	3.994621e-01	0.000000e+00	-7.914231e-03
0.10	10	1.108306e+04	1.894859e+04	2.254831e-01	3.497848e-01	5.558344e-01	3.303513e-01
0.20	10	2.122591e+04	4.990377e+04	3.967247e-01	2.844318e-01	8.170277e-01	4.203030e-01
0.30	10	4.978140e+04	1.341907e+05	5.104540e-01	2.338300e-01	9.113511e-01	4.008972e-01
0.40	10	1.459992e+05	3.928588e+05	5.981365e-01	2.058045e-01	9.493785e-01	3.512420e-01
0.50	10	3.299137e+05	9.694700e+05	6.358476e-01	1.871672e-01	9.678308e-01	3.319832e-01
0.60	10	1.004007e+06	2.893559e+06	6.659431e-01	1.809740e-01	9.781358e-01	3.121927e-01
0.70	10	2.483657e+06	7.539405e+06	6.811684e-01	1.706500e-01	9.844547e-01	3.032863e-01
0.80	10	5.556239e+06	1.852804e+07	6.850003e-01	1.636519e-01	9.885874e-01	3.035871e-01
0.90	10	1.743436e+07	5.447735e+07	7.088785e-01	1.526244e-01	9.914209e-01	2.825424e-01
1.00	10	5.275088e+07	1.600330e+08	7.084346e-01	1.595528e-01	9.934344e-01	2.849998e-01
-1.00	11	1.308345e+08	6.782036e+08	-6.627604e-01	1.503092e-01	-9.934344e-01	-3.306740e-01
-0.90	11	5.845543e+07	2.580168e+08	-6.588963e-01	1.640266e-01	-9.914209e-01	-3.325246e-01
-0.80	11	1.960775e+07	8.401792e+07	-6.451947e-01	1.675617e-01	-9.885875e-01	-3.433928e-01
-0.70	11	6.382647e+06	2.743543e+07	-6.364853e-01	1.762423e-01	-9.844556e-01	-3.479703e-01
-0.60	11	2.090897e+06	8.925469e+06	-6.175880e-01	1.902779e-01	-9.781419e-01	-3.605539e-01
-0.50	11	8.344057e+05	3.352440e+06	-5.965144e-01	2.035582e-01	-9.678691e-01	-3.713547e-01
-0.40	11	2.447368e+05	1.003097e+06	-5.478276e-01	2.194542e-01	-9.496051e-01	-4.017775e-01
-0.30	11	9.340004e+04	3.445340e+05	-4.908644e-01	2.399081e-01	-9.125436e-01	-4.216792e-01
-0.20	11	3.674297e+04	1.209640e+05	-3.854081e-01	2.664961e-01	-8.219617e-01	-4.365536e-01
-0.10	11	1.579688e+04	3.781038e+04	-2.083826e-01	3.230062e-01	-5.667847e-01	-3.584021e-01
0.00	11	1.255630e+04	1.848508e+04	8.957108e-03	3.411949e-01	0.000000e+00	-8.957108e-03
0.10	11	1.750736e+04	4.041639e+04	2.176191e-01	3.321384e-01	5.667847e-01	3.491656e-01
0.20	11	3.667060e+04	1.187673e+05	3.614265e-01	2.928564e-01	8.219617e-01	4.605352e-01
0.30	11	1.038166e+05	3.644114e+05	4.993915e-01	2.464128e-01	9.125436e-01	4.131521e-01
0.40	11	2.760826e+05	1.064120e+06	5.577291e-01	2.239666e-01	9.496051e-01	3.918760e-01
0.50	11	7.473644e+05	3.108261e+06	5.887949e-01	2.057143e-01	9.678691e-01	3.790743e-01
0.60	11	2.519366e+06	1.024242e+07	6.155028e-01	1.907603e-01	9.781419e-01	3.626391e-01
0.70	11	6.643596e+06	2.921020e+07	6.327550e-01	1.783373e-01	9.844556e-01	3.517006e-01
0.80	11	2.013722e+07	8.671746e+07	6.593451e-01	1.683316e-01	9.885875e-01	3.292424e-01
0.90	11	5.245967e+07	2.454052e+08	6.571016e-01	1.602774e-01	9.914209e-01	3.343192e-01
1.00	11	1.633986e+08	7.352064e+08	6.745849e-01	1.549156e-01	9.934344e-01	3.188495e-01
-1.00	12	8.701011e+08	4.953675e+09	-6.451946e-01	1.484177e-01	-9.934344e-01	-3.482398e-01
-0.90	12	2.241046e+08	1.293595e+09	-6.332168e-01	1.553509e-01	-9.914209e-01	-3.582041e-01
-0.80	12	6.822058e+07	3.896613e+08	-6.192871e-01	1.623380e-01	-9.885876e-01	-3.693005e-01
-0.70	12	1.871197e+07	1.107599e+08	-6.060607e-01	1.700893e-01	-9.844558e-01	-3.783951e-01
-0.60	12	4.665242e+06	2.977339e+07	-5.788760e-01	1.816284e-01	-9.781436e-01	-3.992677e-01
-0.50	12	1.911327e+06	1.045526e+07	-5.506998e-01	2.008704e-01	-9.678827e-01	-4.171829e-01
-0.40	12	4.892909e+05	2.769558e+06	-5.156819e-01	2.212013e-01	-9.497023e-01	-4.340203e-01
-0.30	12	1.494243e+05	7.910665e+05	-4.455244e-01	2.596445e-01	-9.131602e-01	-4.676358e-01
-0.20	12	6.095596e+04	2.638431e+05	-3.534357e-01	2.958521e-01	-8.250145e-01	-4.715788e-01
-0.10	12	2.437972e+04	7.195620e+04	-1.874342e-01	3.270112e-01	-5.747206e-01	-3.872864e-01
0.00	12	1.833711e+04	3.359154e+04	-2.468015e-03	3.290036e-01	0.000000e+00	2.468015e-03
0.10	12	2.590872e+04	8.707238e+04	1.823731e-01	3.223086e-01	5.747206e-01	3.923475e-01
0.20	12	6.571422e+04	2.806109e+05	3.329858e-01	3.113404e-01	8.250145e-01	4.920287e-01
0.30	12	1.900065e+05	9.328805e+05	4.538333e-01	2.540865e-01	9.131602e-01	4.593269e-01
0.40	12	5.818203e+05	3.089552e+06	5.020291e-01	2.268758e-01	9.497023e-01	4.476731e-01
0.50	12	1.535237e+06	9.206829e+06	5.574297e-01	1.959295e-01	9.678827e-01	4.104529e-01
0.60	12	5.124558e+06	3.124869e+07	5.881216e-01	1.818356e-01	9.781436e-01	3.900220e-01
0.70	12	1.655354e+07	1.038375e+08	6.047946e-01	1.689875e-01	9.844558e-01	3.796612e-01
0.80	12	5.354410e+07	3.445579e+08	6.064635e-01	1.636448e-01	9.885876e-01	3.821241e-01
0.90	12	2.242067e+08	1.341433e+09	6.350922e-01	1.533957e-01	9.914209e-01	3.563287e-01
1.00	12	6.324338e+08	3.970268e+09	6.435035e-01	1.476701e-01	9.934344e-01	3.499309e-01
-1.00	13	2.248329e+09	2.041217e+10	-6.210881e-01	1.429312e-01	-9.934344e-01	-3.723463e-01
-0.90	13	8.344446e+08	6.480428e+09	-6.126028e-01	1.502731e-01	-9.914209e-01	-3.788180e-01
-0.80	13	1.998138e+08	1.646772e+09	-5.921099e-01	1.565454e-01	-9.885876e-01	-3.964776e-01
-0.70	13	2.329613e+07	2.792978e+08	-5.678521e-01	1.558831e-01	-9.844559e-01	-4.166038e-01
-0.60	13	1.871819e+07	1.355944e+08	-5.539427e-01	1.786930e-01	-9.781441e-01	-4.242014e-01
-0.50	13	4.610295e+06	3.459122e+07	-5.201802e-01	1.890046e-01	-9.678875e-01	-4.477072e-01
-0.40	13	8.549354e+05	7.137184e+06	-4.861021e-01	2.101702e-01	-9.497439e-01	-4.636418e-01
-0.30	13	3.902299e+05	2.572762e+06	-4.120298e-01	2.501236e-01	-9.134788e-01	-5.014490e-01
-0.20	13	1.646522e+05	8.553522e+05	-3.235755e-01	2.971512e-01	-8.268999e-01	-5.033244e-01
-0.10	13	5.212321e+04	2.105331e+05	-1.828952e-01	3.363689e-01	-5.804455e-01	-3.975503e-01
0.00	13	2.957586e+04	7.104633e+04	-9.128472e-03	3.439325e-01	0.000000e+00	9.128472e-03
0.10	13	5.618163e+04	2.275472e+05	1.550718e-01	3.479517e-01	5.804455e-01	4.253737e-01
0.20	13	1.108002e+05	6.502700e+05	3.153597e-01	2.989859e-01	8.268999e-01	5.115402e-01
0.30	13	2.801208e+05	2.065760e+06	4.115966e-01	2.484304e-01	9.134788e-01	5.018822e-01
0.40	13	1.089907e+06	8.362708e+06	4.896104e-01	2.090770e-01	9.497439e-01	4.601335e-01
0.50	13	2.573687e+06	2.456396e+07	5.243547e-01	1.834483e-01	9.678875e-01	4.435328e-01
0.60	13	1.657017e+07	1.269686e+08	5.602675e-01	1.744720e-01	9.781441e-01	4.178766e-01
0.70	13	5.179794e+07	4.314597e+08	5.889585e-01	1.617727e-01	9.844559e-01	3.954974e-01
0.80	13	2.451169e+08	1.824094e+09	6.054949e-01	1.601831e-01	9.885876e-01	3.830927e-01
0.90	13	8.309497e+08	6.908987e+09	6.069337e-01	1.477944e-01	9.914209e-01	3.844872e-01
1.00	13	1.655791e+09	1.743520e+10	6.176268e-01	1.431001e-01	9.934344e-01	3.758076e-01
-1.00	14	1.477259e+10	1.439251e+11	-5.955958e-01	1.420575e-01	-9.934344e-01	-3.978386e-01
-0.90	14	2.957996e+09	3.178894e+10	-5.822953e-01	1.461915e-01	-9.914209e-01	-4.091256e-01
-0.80	14	8.267169e+08	8.305823e+09	-5.757121e-01	1.539580e-01	-9.885876e-01	-4.128755e-01
-0.70	14	2.286251e+08	2.157054e+09	-5.648930e-01	1.607961e-01	-9.844559e-01	-4.195629e-01
-0.60	14	5.180566e+07	5.048778e+08	-5.422802e-01	1.691051e-01	-9.781443e-01	-4.358641e-01
-0.50	14	1.303986e+07	1.246628e+08	-5.111853e-01	1.814497e-01	-9.678892e-01	-4.567039e-01
-0.40	14	2.393055e+06	2.515905e+07	-4.702293e-01	1.896601e-01	-9.497617e-01	-4.795325e-01
-0.30	14	7.287143e+05	6.690488e+06	-3.830469e-01	2.378014e-01	-9.136435e-01	-5.305966e-01
-0.20	14	1.120250e+05	8.889323e+05	-2.909775e-01	2.767129e-01	-8.280629e-01	-5.370854e-01
-0.10	14	6.536390e+04	3.465414e+05	-1.565884e-01	3.290554e-01	-5.845618e-01	-4.279734e-01
0.00	14	3.967154e+04	1.103314e+05	5.921834e-03	3.473084e-01	0.000000e+00	-5.921834e-03
0.10	14	7.509383e+04	4.092464e+05	1.650067e-01	3.301680e-01	5.845618e-01	4.195551e-01
0.20	14	1.920841e+05	1.530886e+06	3.030306e-01	2.703999e-01	8.280629e-01	5.250324e-01
0.30	14	8.108397e+05	7.163213e+06	4.021074e-01	2.333253e-01	9.136435e-01	5.115360e-01
0.40	14	3.381073e+06	3.077526e+07	4.681236e-01	2.007132e-01	9.497617e-01	4.816382e-01
0.50	14	5.227063e+06	7.218312e+07	5.111779e-01	1.813637e-01	9.678892e-01	4.567113e-01
0.60	14	4.141475e+07	4.460581e+08	5.425200e-01	1.705427e-01	9.781443e-01	4.356243e-01
0.70	14	1.203582e+08	1.529616e+09	5.634446e-01	1.586357e-01	9.844559e-01	4.210113e-01
0.80	14	8.278314e+08	8.306597e+09	5.698976e-01	1.590430e-01	9.885876e-01	4.186899e-01
0.90	14	1.902719e+09	2.516452e+10	5.851501e-01	1.481589e-01	9.914209e-01	4.062708e-01
1.00	14	6.077207e+09	9.133091e+10	5.841783e-01	1.379254e-01	9.934344e-01	4.092561e-01
-1.00	15	7.611386e+10	8.908690e+11	-5.666314e-01	1.418968e-01	-9.934344e-01	-4.268030e-01
-0.90	15	1.228850e+10	1.681904e+11	-5.559056e-01	1.452784e-01	-9.914209e-01	-4.355153e-01
-0.80	15	1.164772e+08	4.415617e+08	-5.447457e-01	1.508899e-01	-9.885876e-01	-4.438419e-01
-0.70	15	2.665751e+08	5.303704e+09	-5.306026e-01	1.587090e-01	-9.844559e-01	-4.538533e-01
-0.60	15	3.691562e+07	8.379741e+08	-5.101660e-01	1.719038e-01	-9.781443e-01	-4.679783e-01
-0.50	15	3.254698e+07	4.167947e+08	-4.895972e-01	1.858681e-01	-9.678898e-01	-4.782926e-01
-0.40	15	3.585028e+06	5.917909e+07	-4.494391e-01	1.992945e-01	-9.497694e-01	-5.003303e-01
-0.30	15	1.826698e+06	2.076199e+07	-4.025432e-01	2.160820e-01	-9.137285e-01	-5.111854e-01
-0.20	15	2.603389e+05	2.938210e+06	-2.836667e-01	2.601545e-01	-8.287799e-01	-5.451132e-01
-0.10	15	8.263776e+04	4.704369e+05	-1.546190e-01	3.019451e-01	-5.875144e-01	-4.328954e-01
0.00	15	5.515497e+04	1.854005e+05	-1.193876e-03	3.025359e-01	0.000000e+00	1.193876e-03
0.10	15	1.027424e+05	6.614625e+05	1.598327e-01	3.097114e-01	5.875144e-01	4.276817e-01
0.20	15	4.654875e+05	4.630666e+06	3.064685e-01	2.597352e-01	8.287799e-01	5.223114e-01
0.30	15	9.536356e+05	1.315751e+07	3.936341e-01	2.279212e-01	9.137285e-01	5.200945e-01
0.40	15	3.714927e+06	5.893636e+07	4.522397e-01	2.056513e-01	9.497694e-01	4.975297e-01
0.50	15	8.445346e+06	1.887087e+08	4.768610e-01	1.812257e-01	9.678898e-01	4.910287e-01
0.60	15	6.379474e+07	1.183575e+09	5.155779e-01	1.736624e-01	9.781443e-01	4.625664e-01
0.70	15	2.681416e+08	5.304425e+09	5.316831e-01	1.626551e-01	9.844559e-01	4.527728e-01
0.80	15	1.213080e+09	2.377066e+10	5.562598e-01	1.575149e-01	9.885876e-01	4.323277e-01
0.90	15	2.834399e+09	7.537656e+10	5.638160e-01	1.464428e-01	9.914209e-01	4.276049e-01
1.00	15	1.184749e+10	3.377704e+11	5.637168e-01	1.385206e-01	9.934344e-01	4.297176e-01
-1.00	16	8.387965e+10	2.495793e+12	-5.510185e-01	1.365019e-01	-9.934344e-01	-4.424159e-01
-0.90	16	1.751686e+10	5.039028e+11	-5.453488e-01	1.451045e-01	-9.914209e-01	-4.460720e-01
-0.80	16	3.547776e+09	1.017389e+11	-5.279286e-01	1.448522e-01	-9.885876e-01	-4.606590e-01
-0.70	16	1.378460e+09	2.903262e+10	-5.183586e-01	1.480682e-01	-9.844559e-01	-4.660973e-01
-0.60	16	2.879105e+08	5.861754e+09	-4.985773e-01	1.714402e-01	-9.781444e-01	-4.795670e-01
-0.50	16	6.014408e+07	1.183518e+09	-4.715596e-01	1.828910e-01	-9.678900e-01	-4.963304e-01
-0.40	16	7.707239e+06	1.691744e+08	-4.241299e-01	2.030223e-01	-9.497726e-01	-5.256427e-01
-0.30	16	2.845694e+06	4.838455e+07	-3.748163e-01	2.245703e-01	-9.137725e-01	-5.389561e-01
-0.20	16	2.642509e+05	6.127653e+05	-2.822209e-01	2.590251e-01	-8.292216e-01	-5.470008e-01
-0.10	16	2.369007e+05	2.421233e+06	-1.455839e-01	2.896775e-01	-5.896287e-01	-4.440448e-01
0.00	16	1.216988e+05	6.346548e+05	-5.318009e-04	3.145505e-01	0.000000e+00	5.318009e-04
0.10	16	1.470497e+05	1.402483e+06	1.575476e-01	2.860642e-01	5.896287e-01	4.320811e-01
0.20	16	6.834371e+05	9.746627e+06	2.810874e-01	2.659456e-01	8.292216e-01	5.481342e-01
0.30	16	1.694893e+06	3.417271e+07	3.617231e-01	2.241835e-01	9.137725e-01	5.520494e-01
0.40	16	1.815401e+07	2.925595e+08	4.305755e-01	2.044598e-01	9.497726e-01	5.191971e-01
0.50	16	3.468606e+07	8.376215e+08	4.675380e-01	1.872945e-01	9.678900e-01	5.003519e-01
0.60	16	2.362828e+07	1.102740e+08	4.940177e-01	1.594457e-01	9.781444e-01	4.841266e-01
0.70	16	7.537962e+08	2.054216e+10	5.121397e-01	1.591580e-01	9.844559e-01	4.723162e-01
0.80	16	1.001002e+10	1.760213e+11	5.239601e-01	1.514193e-01	9.885876e-01	4.646275e-01
0.90	16	3.322325e+10	7.133052e+11	5.410623e-01	1.431051e-01	9.914209e-01	4.503586e-01
1.00	16	1.635169e+11	3.527707e+12	5.546898e-01	1.358295e-01	9.934344e-01	4.387446e-01
-1.00	17	2.281801e+10	1.654204e+11	-5.303563e-01	1.375498e-01	-9.934344e-01	-4.630781e-01
-0.90	17	6.358196e+09	4.203688e+10	-5.224998e-01	1.412840e-01	-9.914209e-01	-4.689211e-01
-0.80	17	1.096480e+09	7.726269e+09	-5.090350e-01	1.431313e-01	-9.885876e-01	-4.795526e-01
-0.70	17	3.468928e+08	2.234492e+09	-5.049134e-01	1.552282e-01	-9.844559e-01	-4.795425e-01
-0.60	17	7.223968e+08	2.054226e+10	-4.705427e-01	1.667619e-01	-9.781444e-01	-5.076016e-01
-0.50	17	1.334083e+08	3.752946e+09	-4.445874e-01	1.812955e-01	-9.678901e-01	-5.233027e-01
-0.40	17	4.033063e+06	2.059164e+07	-4.037328e-01	1.946391e-01	-9.497741e-01	-5.460413e-01
-0.30	17	5.354488e+06	1.253099e+08	-3.522391e-01	2.272331e-01	-9.137952e-01	-5.615560e-01
-0.20	17	3.978502e+05	1.258212e+06	-2.684207e-01	2.529717e-01	-8.294938e-01	-5.610731e-01
-0.10	17	1.648373e+05	3.741266e+05	-1.397226e-01	2.634984e-01	-5.911409e-01	-4.514182e-01
0.00	17	1.480114e+05	7.872686e+05	8.838161e-03	2.895678e-01	0.000000e+00	-8.838161e-03
0.10	17	3.060309e+05	4.194435e+06	1.574421e-01	2.865415e-01	5.911409e-01	4.336988e-01
0.20	17	1.848604e+06	3.234566e+07	2.727481e-01	2.563253e-01	8.294938e-01	5.567457e-01
0.30	17	9.321235e+06	1.770390e+08	3.442518e-01	2.209978e-01	9.137952e-01	5.695434e-01
0.40	17	2.589201e+07	6.856666e+08	4.047025e-01	1.970563e-01	9.497741e-01	5.450715e-01
0.50	17	2.544995e+08	5.303898e+09	4.479975e-01	1.830446e-01	9.678901e-01	5.198925e-01
0.60	17	6.695539e+07	4.207238e+08	4.760025e-01	1.655021e-01	9.781444e-01	5.021419e-01
0.70	17	7.387272e+09	1.589232e+11	4.971218e-01	1.563558e-01	9.844559e-01	4.873341e-01
0.80	17	1.122259e+09	7.982046e+09	5.062890e-01	1.456892e-01	9.885876e-01	4.822986e-01
0.90	17	6.192261e+09	4.192009e+10	5.305120e-01	1.382819e-01	9.914209e-01	4.609088e-01
1.00	17	6.016903e+11	1.844145e+13	5.291622e-01	1.350737e-01	9.934344e-01	4.642722e-01
-1.00	18	8.017159e+10	8.354799e+11	-5.109673e-01	1.378029e-01	-9.934344e-01	-4.824671e-01
-0.90	18	2.282944e+10	2.056358e+11	-5.135872e-01	1.416170e-01	-9.914209e-01	-4.778336e-01
-0.80	18	4.371713e+09	4.048773e+10	-4.850768e-01	1.505368e-01	-9.885876e-01	-5.035108e-01
-0.70	18	1.011210e+09	8.806737e+09	-4.812119e-01	1.502042e-01	-9.844559e-01	-5.032439e-01
-0.60	18	2.034699e+08	1.711227e+09	-4.560308e-01	1.645766e-01	-9.781444e-01	-5.221135e-01
-0.50	18	5.704130e+08	1.681787e+10	-4.335734e-01	1.713074e-01	-9.678901e-01	-5.343167e-01
-0.40	18	1.211343e+07	8.384411e+07	-3.848961e-01	1.929520e-01	-9.497747e-01	-5.648785e-01
-0.30	18	3.151917e+07	6.495524e+08	-3.333114e-01	2.261893e-01	-9.138069e-01	-5.804955e-01
-0.20	18	3.143918e+06	7.599408e+07	-2.538032e-01	2.563979e-01	-8.296614e-01	-5.758582e-01
-0.10	18	2.346487e+05	7.259681e+05	-1.369630e-01	2.593642e-01	-5.922214e-01	-4.552584e-01
0.00	18	3.345066e+05	2.957851e+06	1.315660e-02	2.923731e-01	0.000000e+00	-1.315660e-02
0.10	18	2.923116e+05	9.251549e+05	1.335271e-01	2.773403e-01	5.922214e-01	4.586943e-01
0.20	18	3.151432e+06	7.600074e+07	2.439604e-01	2.460796e-01	8.296614e-01	5.857010e-01
0.30	18	2.158242e+06	1.236408e+07	3.370683e-01	2.128343e-01	9.138069e-01	5.767386e-01
0.40	18	9.602478e+07	2.780084e+09	3.931954e-01	1.902534e-01	9.497747e-01	5.565793e-01
0.50	18	4.841403e+07	3.911733e+08	4.238127e-01	1.684863e-01	9.678901e-01	5.440774e-01
0.60	18	1.813800e+08	1.525894e+09	4.619813e-01	1.542020e-01	9.781444e-01	5.161631e-01
0.70	18	6.404175e+08	6.398944e+09	4.824088e-01	1.537483e-01	9.844559e-01	5.020471e-01
0.80	18	1.888874e+09	2.099535e+10	4.938885e-01	1.455061e-01	9.885876e-01	4.946991e-01
0.90	18	1.177846e+10	1.397739e+11	5.017935e-01	1.415119e-01	9.914209e-01	4.896273e-01
1.00	18	7.776597e+10	8.333322e+11	5.098991e-01	1.339286e-01	9.934344e-01	4.835353e-01
-1.00	19	3.620812e+11	5.016163e+12	-4.981285e-01	1.314255e-01	-9.934344e-01	-4.953059e-01
-0.90	19	9.719808e+10	1.121019e+12	-4.867826e-01	1.409031e-01	-9.914209e-01	-5.046382e-01
-0.80	19	1.389364e+10	1.697207e+11	-4.821658e-01	1.433738e-01	-9.885876e-01	-5.064218e-01
-0.70	19	3.058694e+09	3.459621e+10	-4.799118e-01	1.510638e-01	-9.844559e-01	-5.045441e-01
-0.60	19	1.651850e+10	5.039113e+11	-4.441764e-01	1.636726e-01	-9.781444e-01	-5.339679e-01
-0.50	19	2.427090e+09	7.536800e+10	-4.174131e-01	1.655428e-01	-9.678901e-01	-5.504770e-01
-0.40	19	2.995038e+07	2.494290e+08	-3.705829e-01	1.972711e-01	-9.497749e-01	-5.791920e-01
-0.30	19	5.736439e+06	4.610449e+07	-3.095962e-01	2.122964e-01	-9.138130e-01	-6.042167e-01
-0.20	19	1.371534e+06	8.259839e+06	-2.440560e-01	2.379132e-01	-8.297646e-01	-5.857086e-01
-0.10	19	6.091892e+05	2.383980e+06	-1.336801e-01	2.667908e-01	-5.929931e-01	-4.593129e-01
0.00	19	3.500686e+05	8.699465e+05	3.556028e-03	2.733714e-01	0.000000e+00	-3.556028e-03
0.10	19	4.969105e+05	1.840419e+06	1.108981e-01	2.741252e-01	5.929931e-01	4.820950e-01
0.20	19	1.124487e+06	7.104069e+06	2.343568e-01	2.366129e-01	8.297646e-01	5.954078e-01
0.30	19	4.692414e+06	3.310586e+07	3.306717e-01	2.080707e-01	9.138130e-01	5.831412e-01
0.40	19	1.948258e+07	1.635957e+08	3.821169e-01	1.885435e-01	9.497749e-01	5.676580e-01
0.50	19	4.837176e+09	1.065310e+11	4.191540e-01	1.683110e-01	9.678901e-01	5.487361e-01
0.60	19	1.640452e+10	5.039010e+11	4.544877e-01	1.622643e-01	9.781444e-01	5.236567e-01
0.70	19	1.646465e+09	2.280496e+10	4.582825e-01	1.524188e-01	9.844559e-01	5.261734e-01
0.80	19	7.317038e+11	2.252479e+13	4.831357e-01	1.472289e-01	9.885876e-01	5.054518e-01
0.90	19	8.181921e+10	1.022831e+12	4.960617e-01	1.372556e-01	9.914209e-01	4.953592e-01
1.00	19	5.282203e+11	6.134049e+12	5.023730e-01	1.335880e-01	9.934344e-01	4.910614e-01
-1.00	20	3.856596e+11	5.072972e+12	-4.816805e-01	1.241650e-01	-9.934344e-01	-5.117539e-01
-0.90	20	2.324671e+11	4.365758e+12	-4.716914e-01	1.287112e-01	-9.914209e-01	-5.197294e-01
-0.80	20	9.492108e+09	1.455610e+11	-4.659112e-01	1.449451e-01	-9.885876e-01	-5.226764e-01
-0.70	20	1.164587e+10	1.511398e+11	-4.482250e-01	1.484151e-01	-9.844559e-01	-5.362309e-01
-0.60	20	5.307541e+08	6.380813e+09	-4.341430e-01	1.601296e-01	-9.781444e-01	-5.440013e-01
-0.50	20	3.079486e+08	4.544614e+09	-4.043460e-01	1.627398e-01	-9.678901e-01	-5.635441e-01
-0.40	20	5.552015e+07	6.801184e+08	-3.646706e-01	1.883527e-01	-9.497750e-01	-5.851044e-01
-0.30	20	9.174990e+06	1.103035e+08	-3.051507e-01	2.097276e-01	-9.138161e-01	-6.086654e-01
-0.20	20	2.850152e+06	2.234488e+07	-2.325121e-01	2.335430e-01	-8.298282e-01	-5.973161e-01
-0.10	20	9.760790e+05	5.409437e+06	-1.270260e-01	2.592425e-01	-5.935439e-01	-4.665178e-01
0.00	20	5.326527e+05	1.744762e+06	5.945862e-04	2.803702e-01	0.000000e+00	-5.945862e-04
0.10	20	7.564236e+05	3.883465e+06	1.187413e-01	2.649370e-01	5.935439e-01	4.748025e-01
0.20	20	2.070005e+06	1.582006e+07	2.328630e-01	2.252005e-01	8.298282e-01	5.969652e-01
0.30	20	7.898393e+06	8.106326e+07	3.113381e-01	2.047248e-01	9.138161e-01	6.024780e-01
0.40	20	3.883015e+07	4.609176e+08	3.690751e-01	1.848656e-01	9.497750e-01	5.807000e-01
0.50	20	3.431661e+08	4.575965e+09	4.044478e-01	1.651588e-01	9.678901e-01	5.634423e-01
0.60	20	2.189388e+09	2.815167e+10	4.293920e-01	1.587563e-01	9.781444e-01	5.487524e-01
0.70	20	4.124567e+09	8.606577e+10	4.495797e-01	1.525790e-01	9.844559e-01	5.348762e-01
0.80	20	4.832074e+10	7.407884e+11	4.703207e-01	1.418917e-01	9.885876e-01	5.182669e-01
0.90	20	3.143022e+10	5.195221e+11	4.799243e-01	1.343278e-01	9.914209e-01	5.114966e-01
1.00	20	2.929134e+11	4.346159e+12	4.823078e-01	1.315549e-01	9.934344e-01	5.111267e-01
